ID	Rep.1.0d	Rep.2.0d	Rep.3.0d	Rep.1.9d	Rep.2.9d	Rep.3.9d	Rep.1.70d	Rep.2.70d	Rep.3.70d	Rep.1.450d	Rep.2.450d	Rep.3.450d	Rep.1.720d	Rep.2.720d	Rep.3.720d
AA0	0	0	0	3	3	0	20	12	4	1143	1427	574	3555	1452	1828
AA1	4786	17375	26930	2563	3768	1451	238	528	425	1596	2149	2066	7563	7991	6410
AA10	0	0	0	0	0	0	0	1	0	7	5	4	14	13	5
AA12	1143	858	2994	3703	7447	1566	931	404	667	340	1041	1520	954	921	1302
AA15	0	0	0	0	0	0	0	0	0	6	4	0	23	11	9
AA1_1	541	554	1465	2693	6798	2567	1973	720	889	554	618	177	80	52	33
AA1_2	2	0	4	1	0	1	17	8	16	394	265	1139	2857	2895	1897
AA1_3	444	120	274	1203	1803	635	141	497	305	504	387	326	1210	772	2031
AA2	4714	22153	32966	1479	2439	1122	47	22	21	91	75	1642	556	307	818
AA3_2	98	260	851	1613	2729	845	498	55	65	23	21	10	5	5	7
AA5	3	4	15	4	15	29	0	3	0	0	0	0	1	0	0
AA5_2	5295	15940	17766	705	1823	706	5	1	1	28	68	80	2112	1236	4778
AA7	0	0	1	0	1	0	2	1	1	8	45	45	324	408	612
CBM0	1551	1376	4644	4086	10128	2061	1048	703	1103	2632	6116	3759	26316	29091	21987
CBM10	3	11	31	223	103	26	23	35	143	0	0	0	0	0	0
CBM12	2104	1797	5813	5413	13673	2452	2535	1177	2000	2914	4494	3132	32616	35915	24537
CBM13	4477	12205	19817	4324	7956	1876	1878	709	1290	3120	12196	9479	47485	55682	45510
CBM16	2033	1554	5338	5340	13575	2302	1400	942	1301	613	1474	931	1065	1469	1549
CBM18	0	0	0	28	60	47	4	0	0	0	10	5	0	0	0
CBM2	2488	10560	17817	3287	5219	2122	1316	704	850	4129	1943	2103	17120	8604	13203
CBM20	17	19	64	49	146	82	970	180	537	203	844	884	4499	5633	5399
CBM22	0	0	0	0	2	2	2	3	0	606	47	130	2123	369	624
CBM23	2442	6380	9969	2201	5057	949	447	258	421	137	336	519	739	490	1197
CBM26	0	0	3	0	5	0	18	8	1	41	125	181	1405	1690	2630
CBM3	1	1	8	31	62	4	8	1	0	98	1465	748	1251	1553	2506
CBM31	127	469	1588	2416	6983	2516	2676	343	890	355	678	147	211	385	228
CBM32	3726	10071	18439	8327	19941	5402	3503	1846	2417	6849	7852	5191	34771	30391	29603
CBM35	8945	7167	22636	22378	52705	10073	5748	3766	5746	9055	12472	9512	40989	32796	32379
CBM38	3313	2729	8064	9056	20248	3671	2224	1603	2486	2817	6057	2857	7912	11792	12805
CBM4	2007	1246	3732	3904	6617	1343	585	417	600	666	1288	1016	4520	5139	4335
CBM41	4231	21301	31795	853	2064	1038	825	157	441	12	315	41	140	36	1270
CBM43	3699	19290	28364	694	1662	836	5	7	1	1286	236	2030	4462	1191	1557
CBM47	5655	4246	14093	13483	30412	5840	2998	2126	3043	5423	8588	5916	17324	17293	20146
CBM48	1681	1272	4398	4027	10583	1735	1059	753	1107	1434	5339	3794	18322	22698	16607
CBM5	1237	541	1430	1959	1398	345	182	336	275	4289	8673	3840	43787	44192	27310
CBM50	39051	116737	197453	66615	145594	46433	36995	14018	21014	22081	37448	20524	93317	80876	83653
CBM51	831	721	2591	2410	5747	1167	1490	549	1060	1804	4033	1878	5718	7962	10354
CBM54	3	0	0	0	1	0	13	39	32	81	61	1751	628	1080	2049
CBM56	1599	7753	12279	558	1133	421	195	407	276	549	1880	1186	5787	5606	6720
CBM57	9012	33444	53197	6614	22661	8909	8190	1114	2970	1942	5578	1371	3405	2692	3005
CBM6	21339	59163	96037	24299	56467	13688	7274	4714	5862	9096	20799	12192	34258	32847	32902
CBM60	0	0	2	0	5	0	7	0	3	370	204	123	3758	2764	1582
CBM61	0	0	4	2	0	0	0	0	0	0	2916	602	3	307	400
CBM62	0	0	3	0	0	0	9	0	0	195	263	1967	406	704	688
CBM66	434	360	996	2123	3638	1141	1203	549	668	711	927	380	1330	1670	2976
CBM67	2451	1714	5617	5392	11578	2242	1619	955	1336	2787	5924	3222	11451	16729	16453
CBM73	795	662	2719	2125	5679	1064	529	397	579	683	390	455	2107	411	686
CBM8	382	142	357	419	325	68	1	4	6	25	8	5	230	106	49
CBM84	0	0	0	0	0	0	0	0	0	0	0	31	21	3	180
CBM85	0	0	0	0	0	0	0	0	0	165	995	415	4173	5087	3552
CBM87	0	0	0	0	0	0	0	0	0	0	0	15	16	3	102
CBM88	3231	13378	19362	509	1141	528	3	0	0	0	0	0	1	0	3
CBM9	623	265	696	748	546	117	49	13	17	152	2199	1301	1991	1551	3522
CBM91	0	0	0	0	3	0	2	0	0	5	1052	22	30	76	61
CBM92	0	4	11	1	3	0	83	2	22	31	30	933	12	40	45
CBM96	11	5	16	2	7	1	25	5	25	561	2330	431	2444	2573	1918
CE0	2680	2092	7307	6620	17006	3017	2088	1273	1974	1540	4582	2608	5287	7088	9210
CE1	0	0	0	0	0	0	1	0	0	6	32	47	285	275	451
CE12	308	97	222	722	1181	469	103	373	132	908	820	615	5129	5106	4494
CE13	0	0	0	0	1	0	1	0	0	2	25	32	325	307	499
CE14	1537	1377	3951	5060	12692	3725	2882	1040	1526	2118	1494	1512	4791	2800	3677
CE15	630	543	1702	1679	3873	747	418	309	441	317	652	513	571	758	877
CE19	90	29	119	98	58	16	8	1	1	886	1828	524	3187	4655	5576
CE20	1281	897	2669	2718	5706	1010	570	382	619	640	2376	1941	4438	4864	5502
CE3	0	0	1	0	4	1	0	0	0	764	65	137	2828	527	718
CE4	185	56	170	471	839	256	140	417	234	675	594	379	3563	2031	2481
CE6	3787	3077	10322	9613	21203	4374	2211	1561	2147	1933	5103	2214	3237	4097	4332
CE7	0	0	0	0	0	0	0	0	0	55	124	15	175	250	271
CE8	1336	7343	10216	275	626	369	0	0	1	70	10	762	323	467	299
CE9	3503	12239	15270	4095	6027	2030	846	179	771	1407	3222	1201	8951	8244	6298
GH0	25900	26907	70927	55385	118065	22848	13432	8917	12786	13934	26424	17145	73937	66681	63361
GH1	1	2	10	125	54	8	25	20	76	15	36	59	392	519	778
GH10	1813	921	2835	2749	5006	892	456	331	434	217	908	566	671	373	571
GH102	371	327	1095	1775	4888	1787	1474	447	562	962	1654	419	631	674	679
GH103	3853	11005	20050	13085	29916	12139	9988	3797	4657	5757	8857	3752	14515	9962	8428
GH105	0	0	0	0	0	0	2	0	0	12	9	745	2	24	28
GH106	705	276	662	803	547	101	7	9	5	59	11	2	399	161	92
GH109	1130	799	2642	2590	5871	1086	572	421	565	904	669	733	3075	1099	1558
GH113	237	69	227	269	167	39	12	2	2	39	68	200	967	942	1611
GH114	1216	1024	3131	3004	6513	1186	684	531	742	208	1003	780	692	549	1006
GH115	697	243	663	800	516	153	16	12	11	85	1717	470	399	291	182
GH117	379	279	1104	921	2503	449	239	160	256	527	1145	438	1832	2342	3191
GH12	3	7	14	56	106	9	79	39	71	1164	5462	1557	3486	3361	1443
GH125	0	0	0	0	0	0	2	0	0	4	5	147	2	9	7
GH127	408	149	377	463	326	60	3	5	7	32	13	5	242	104	47
GH13	3663	16390	22773	634	1350	731	57	10	31	114	775	1202	2241	2695	4005
GH130	185	55	203	271	185	37	6	0	1	19	2	3	119	50	16
GH135	1	1	3	3	0	1	0	2	0	4	3	1	0	0	0
GH13_19	2921	11777	18984	814	1227	600	12	10	7	32	691	166	193	151	159
GH13_20	0	0	0	0	0	0	0	0	0	432	1037	691	8537	10682	7118
GH13_31	2	2	1	1	0	0	1	0	0	2	1	153	6	0	5
GH13_36	1100	894	2671	2396	6356	1038	650	419	691	184	2391	1295	147	350	403
GH13_38	1381	1023	3581	3348	7132	1337	734	483	698	259	474	695	381	238	176
GH13_39	80	30	88	101	74	16	0	3	1	7	7	12	60	29	38
GH13_45	0	0	0	1	2	0	7	4	4	0	0	2	0	0	0
GH13_6	0	0	0	0	0	0	0	0	0	16	0	255	3	9	12
GH13_7	734	585	1751	1736	4431	812	462	274	449	123	859	786	98	163	180
GH140	0	0	0	0	0	0	3	7	5	8	20	254	35	124	217
GH141	0	0	0	0	0	0	0	0	0	41	72	19	100	159	151
GH144	775	682	2201	2128	5246	894	541	373	507	511	2428	1363	6300	8181	5618
GH146	0	0	0	0	0	0	0	0	0	4	3	213	0	9	9
GH15	191	68	166	186	144	30	8	3	3	34	67	233	839	833	1319
GH154	3	1	2	0	5	2	3	1	0	380	919	302	1919	2580	3190
GH158	0	0	0	4	1	5	8	4	11	342	600	416	5462	6498	4663
GH159	0	0	0	0	0	0	1	0	0	35	39	172	55	50	33
GH16	692	461	1404	1492	3191	527	269	196	285	155	821	512	454	468	491
GH166	8	9	7	18	5	68	5	9	7	27	21	37	5	5	2
GH16_21	0	8	12	176	74	7	29	24	121	0	0	0	0	0	0
GH16_3	2478	1936	6000	5454	12823	2341	1412	892	1421	1186	4659	2541	8704	10713	9183
GH16_5	0	0	0	0	0	0	0	0	0	9	0	0	15	13	16
GH16_7	0	0	0	0	0	0	2	0	0	24	22	30	108	221	191
GH17	907	622	1975	1996	4670	764	399	319	430	159	349	332	258	222	119
GH171	4463	7571	15783	7965	20201	5086	3992	1425	2415	3126	6438	3581	8375	6292	6632
GH172	0	0	2	0	0	0	2	0	0	2	20	27	225	265	432
GH179	0	0	0	0	0	0	0	0	0	3	5	139	3	9	9
GH18	2247	8757	14964	4182	11111	3471	2971	930	1656	1945	5364	1892	14083	15425	10731
GH183	0	10	16	203	100	8	33	28	116	0	0	0	0	0	0
GH184	0	0	0	0	0	0	1	0	0	2	19	14	227	250	421
GH19	0	1	0	2	0	12	6	6	3	45	17	848	22	33	46
GH19_2	0	0	0	0	0	0	0	0	0	1	3	0	101	38	254
GH2	6145	4975	16315	15329	36624	7000	4037	2707	4023	3505	8570	6246	7888	8460	10548
GH20	1402	983	3009	3044	7182	1310	696	475	738	778	3272	1080	2490	1478	4733
GH23	10817	28485	50367	26597	61683	22239	18919	9623	10504	12964	16004	9221	41606	31238	29149
GH24	0	0	0	0	0	0	0	0	0	122	221	58	376	548	586
GH25	518	387	1205	1531	3150	565	505	721	727	557	1114	510	4757	3729	3293
GH26	246	82	182	742	956	333	523	346	447	147	262	426	605	687	1479
GH28	0	2	7	2	6	2	5	0	4	838	2912	1073	443	410	633
GH29	2755	2169	7012	6751	16718	3072	1658	1212	1641	1467	3769	2293	4989	5533	8827
GH3	6313	4693	15697	15864	34025	6811	3630	2359	3368	1897	8855	5702	4631	3573	5817
GH30	445	318	1079	992	2636	402	251	184	243	85	204	197	29	38	36
GH30_1	337	118	290	386	247	46	15	5	18	113	223	257	3280	3212	1400
GH30_3	0	0	0	0	0	0	0	0	0	2	4	165	0	4	13
GH30_8	233	85	262	336	224	42	7	3	3	31	14	161	166	65	30
GH31	601	452	1548	1442	3749	758	454	294	401	821	2605	1897	10060	12137	9322
GH31_1	0	0	0	14	57	35	3	0	0	0	16	5	0	0	0
GH32	340	167	374	435	264	59	7	9	2	23	12	18	451	181	540
GH33	3724	3524	11807	12466	27505	5745	3049	1825	3146	2386	4686	2473	5640	7624	8751
GH34	1	0	2	139	668	121	15	0	2	11	57	89	0	1	2
GH35	10192	7603	24211	22562	52100	9484	4825	3583	5101	2085	11244	13205	8955	8007	12854
GH36	0	0	0	0	0	0	3	0	0	109	251	336	353	577	600
GH37	300	120	297	365	252	65	8	6	5	31	664	324	159	132	151
GH38	0	0	2	0	0	0	0	0	1	163	376	518	4634	5091	601
GH39	4107	13931	21613	5978	12442	2882	1868	708	1451	750	2499	1588	11387	12469	8925
GH43	2056	1760	5964	5569	13257	2661	1393	943	1275	762	1576	995	1411	2143	2071
GH43_1	941	636	2235	2158	4555	822	414	308	389	142	293	352	288	179	78
GH43_10	0	0	0	0	0	0	1	0	0	1	0	183	3	8	4
GH43_11	0	0	0	0	0	0	0	0	0	153	1	33	78	2	39
GH43_12	367	120	330	457	232	71	1	2	5	36	9	252	197	68	48
GH43_17	292	119	246	364	271	55	6	3	3	28	6	7	160	85	41
GH43_18	993	811	2738	2487	5847	1092	1059	431	776	290	1093	596	889	969	1864
GH43_24	0	0	0	0	0	0	0	0	0	1	0	0	2	4	4
GH43_26	253	123	251	293	190	33	5	2	7	189	365	339	790	940	1187
GH43_28	0	0	0	0	0	0	1	1	0	63	143	55	240	352	380
GH43_29	1985	1810	6471	5731	13805	2745	1380	1029	1369	909	2224	1788	9259	11545	8229
GH43_33	0	0	0	0	0	0	0	0	0	0	2	138	0	2	5
GH43_34	0	0	0	0	0	0	0	0	0	172	361	358	3309	3947	3176
GH43_4	0	0	0	0	0	0	0	0	0	7	4	393	3	9	24
GH43_5	0	0	0	0	0	0	1	0	0	2	1	139	5	6	60
GH44	0	0	0	0	1	0	5	0	0	5	37	49	359	445	667
GH47	2680	14429	20289	510	1306	610	16	19	18	57	45	17	51	43	22
GH5	41	24	107	201	283	25	192	402	288	788	1776	722	4875	4865	4833
GH51	383	147	334	482	292	68	8	3	4	59	14	640	217	99	68
GH53	651	593	2023	1822	4411	860	379	327	425	133	523	901	81	119	141
GH55	0	0	2	0	0	1	2	0	0	38	842	156	102	244	249
GH5_25	0	0	0	0	0	0	5	6	3	18	19	7	25	17	10
GH5_27	0	0	2	12	43	29	7	2	2	31	42	54	92	327	197
GH5_29	4207	20462	27864	1237	2289	957	420	973	685	2210	1945	1785	9031	5043	4305
GH5_4	0	0	0	0	0	0	0	0	0	2	3	253	4	11	6
GH5_48	0	0	3	0	2	0	0	0	0	0	0	0	0	0	0
GH5_5	0	0	0	0	0	0	0	0	0	91	250	97	261	488	478
GH5_7	0	0	0	0	0	0	1	0	0	6	339	266	1	45	80
GH63	0	0	0	0	0	0	1	0	0	89	178	53	273	387	414
GH65	464	211	486	555	453	75	66	46	78	2059	2402	753	6111	1425	2497
GH67	1518	1152	3672	3659	9085	1664	949	639	950	296	620	670	166	171	129
GH68	0	0	0	0	0	0	0	0	0	0	0	18	8	0	53
GH71	0	0	0	0	0	0	0	0	0	0	0	35	17	0	97
GH72	0	0	0	1	3	2	0	0	0	0	0	0	0	0	0
GH73	3119	11503	18445	3387	10304	3927	3281	950	1455	1824	3517	1484	6960	7295	5658
GH74	12	12	24	177	398	35	18	4	13	202	164	390	509	368	1613
GH76	0	0	6	2	1	0	3	0	0	5	3181	1156	7	302	443
GH78	4756	22157	34473	3733	8066	2136	642	452	621	1545	1615	1309	5463	2970	2903
GH8	357	91	225	878	1377	546	176	357	144	270	117	139	142	458	703
GH88	4	4	5	29	61	6	0	0	0	75	140	84	283	336	564
GH9	1577	1307	4246	4317	11426	3480	3281	700	1468	747	2357	1780	2087	1831	3279
GH92	899	736	2278	2230	5501	1102	527	419	569	598	2744	1474	941	1052	1356
GH95	339	345	1026	882	2399	397	184	123	222	76	169	858	328	201	788
GH97	3028	2191	6524	6416	14596	2740	1401	997	1407	721	1625	2108	1786	1831	2166
GH99	0	0	0	0	0	0	0	3	0	6	2	10	6	7	9
GT0	0	0	0	11	18	4	1	0	0	0	3	4	0	0	0
GT1	0	0	1	48	115	83	45	12	28	697	829	339	2583	551	766
GT105	0	0	1	0	0	0	2	0	0	112	232	63	366	591	530
GT13	0	0	2	0	4	0	17	3	12	262	1473	259	116	112	87
GT18	0	0	0	6	18	9	1	0	0	0	1	4	0	0	0
GT2	9364	26650	44667	11348	25410	5545	3340	1814	2938	5045	10989	5995	20938	17205	19322
GT22	1038	377	1046	1241	948	215	1000	213	520	234	604	285	2761	2155	4778
GT23	0	0	0	13	32	8	0	0	0	0	12	2	0	0	0
GT26	0	0	0	0	0	0	0	0	0	1	20	21	155	160	333
GT28	3339	14439	21273	3508	10216	4493	3474	1084	1458	2037	3972	1750	3258	3078	2737
GT4	1286	5331	8388	231	689	405	12	0	1	226	682	306	1215	1196	1163
GT41	0	0	0	12	16	9	0	1	0	705	1598	870	12137	15426	10263
GT43	462	190	549	661	493	124	637	134	430	1650	7769	1995	9546	11044	9471
GT47	6	6	13	33	69	22	187	48	127	177	703	270	2980	3696	2609
GT5	1415	1589	4906	4907	18100	6013	6494	2025	3210	1626	3330	2334	6257	3694	3035
GT50	0	0	0	9	40	19	3	0	0	0	5	1	0	0	0
GT51	3290	6614	12062	3251	4534	1086	397	293	380	2616	10017	3507	5875	6109	7351
GT57	0	0	0	0	2	1	0	0	0	0	0	1	0	0	0
GT58	0	2	0	7	9	10	0	0	0	0	1	1	0	0	0
GT66	1410	4146	7301	2104	4985	1317	912	507	504	773	1175	781	6613	6775	4675
GT69	0	0	0	0	6	0	0	0	0	837	65	136	3080	581	1266
GT8	238	106	237	286	219	49	1	4	0	26	12	2	140	40	31
GT83	46	13	139	225	359	45	181	502	321	451	761	165	3672	2439	2215
GT92	0	0	2	2	0	0	0	0	0	1	1	1	1	0	1
PL0	2218	1710	5688	5403	13765	2451	1390	928	1375	817	2936	3434	3380	4023	3603
PL1	11	9	38	209	401	32	21	12	10	321	556	956	5827	6233	10716
PL10_1	68	42	62	61	46	10	3	0	2	89	230	87	531	675	826
PL10_3	0	0	0	0	0	0	0	0	0	43	139	40	234	342	362
PL14	0	1	0	0	0	0	0	1	0	6	22	31	388	434	653
PL17_2	0	0	0	0	0	0	2	2	0	28	69	3	286	138	656
PL1_1	2	2	5	4	2	1	4	6	11	57	31	39	32	16	41
PL1_12	0	0	1	0	0	0	0	0	0	7	27	34	384	406	659
PL1_2	749	665	1893	1878	4534	885	451	349	461	667	5049	1316	1151	1803	2447
PL1_5	3	4	8	1	9	16	0	0	0	0	0	0	0	0	0
PL21	0	0	0	0	0	0	1	0	0	163	318	78	488	726	846
PL26	589	235	539	747	468	86	8	9	8	52	68	82	1309	1058	2055
PL42	0	0	0	0	0	0	3	0	0	8	5	153	1	5	5
PL6_1	0	0	0	0	0	0	1	0	0	50	60	3	304	153	675
PL7	0	0	0	0	0	0	0	0	0	0	663	136	1	66	105
PL8	0	0	2	0	0	0	13	0	1	61	62	2991	754	385	1787
PL9	0	0	2	0	0	0	0	0	0	16	36	400	287	315	504
PL9_1	108	60	111	137	93	18	0	3	0	17	42	248	462	383	702
PL9_2	0	0	0	0	0	0	0	0	0	15	7	398	2	13	19
PL9_4	0	0	0	0	0	0	0	0	0	6	39	48	385	423	710
A01A	0	0	0	15	30	14	7	0	0	0	9	3	0	0	0
A08	91	45	100	118	94	14	0	0	0	33	15	31	410	216	323
A24A	0	0	0	1	1	0	0	0	0	3	0	1	1	0	19
A26	0	0	0	0	0	0	0	0	1	15	29	29	135	341	207
A28B	0	0	0	0	0	0	0	0	0	0	37	47	0	7	14
A32	0	0	0	0	1	0	6	2	10	112	1	24	262	24	31
A39	10	5	25	17	11	2	6	1	2	326	919	384	1508	1713	2877
C01A	10	6	33	28	66	22	439	96	287	3	167	7	64	16	702
C01B	0	0	0	0	2	0	18	1	4	0	0	5	0	0	0
C110	0	1	0	0	0	0	0	0	0	0	585	119	3	52	109
C13	0	0	0	5	30	19	0	0	0	0	38	55	0	8	4
C14A	3	1	3	0	1	1	0	0	0	0	0	0	0	1	1
C14B	1504	419	1076	3932	6148	2228	762	2163	1070	2696	6253	2637	12166	4775	4448
C19	0	0	0	8	35	16	1	0	0	0	5	6	0	0	0
C25	3243	2752	8977	8296	20053	3970	2115	1405	2045	905	3090	3462	1183	1449	2515
C39	2821	12860	19904	467	1141	546	4	1	7	53	146	56	169	290	296
C40	1594	3521	6904	2477	6416	1188	574	408	603	281	650	586	1219	1155	2196
C56	571	188	472	572	425	100	15	9	6	231	374	402	3630	3769	2863
C59	1	10	9	191	80	13	21	21	78	90	242	96	253	390	372
C60	0	0	0	0	0	0	1	1	0	4	1	4	1	2	4
C60A	511	2050	3517	79	203	136	0	1	0	0	0	0	0	0	0
C69	5	4	7	23	51	8	12	4	13	68	85	68	135	84	228
C82A	4052	11839	19311	8925	19402	7147	4731	3215	2727	3954	3759	2697	15109	11666	9773
C82B	557	432	1049	2286	4736	1625	1243	1074	944	1292	1611	718	5233	4309	3744
C83	0	0	1	0	0	0	0	0	0	3	7	10	7	8	5
C93	75	32	167	267	468	37	221	572	410	1079	2080	551	5155	3797	3085
C95	0	0	0	7	18	12	1	0	0	1	7	1	0	0	0
G04	1271	998	3233	3411	10313	2550	2272	964	1227	1270	2196	1002	1515	819	748
I04	0	0	1	3	2	0	7	3	5	7	62	91	600	675	1106
I25A	0	0	0	0	0	0	0	0	0	27	15	260	28	65	52
I39	35425	26007	80738	78834	178028	38343	24710	12258	19433	20078	59339	34087	45540	31239	50493
I51	0	0	0	0	0	0	0	0	0	101	54	622	314	474	636
I78	0	0	0	0	0	0	0	0	0	6	4	8	4	6	6
I87	471	441	1396	1195	3467	507	330	207	343	251	530	513	861	274	606
M01	8851	6441	20674	19794	43560	8135	5090	3135	4635	2945	9138	5660	19083	18031	17471
M02	5	7	14	24	44	9	39	26	28	224	176	325	772	709	1291
M03A	0	1	7	12	48	20	91	27	52	1598	3316	741	3273	784	1257
M04	0	0	1	0	0	0	17	3	2	29	52	474	587	593	1108
M06	857	674	2146	1911	5031	774	478	332	455	173	364	309	96	116	94
M08	878	728	2195	1905	4921	773	468	291	487	149	297	353	241	137	85
M10	0	0	0	0	0	0	0	0	0	12	107	50	29	61	16
M103	361	176	382	464	347	69	5	7	3	66	648	394	637	592	940
M105	0	0	1	0	0	0	0	0	0	7	45	54	527	624	997
M106	0	0	0	0	0	0	1	0	1	18	5	21	69	20	75
M10A	2	1	4	2	1	7	4	11	1	502	1170	747	9838	12329	8720
M12	12	15	46	54	144	53	990	198	555	0	340	25	155	38	1537
M12B	770	341	908	1126	669	174	57	12	20	52	1635	373	1091	648	1664
M13	0	4	13	14	12	4	53	31	53	1858	4017	1367	4066	1138	2180
M14	11819	17179	40841	25024	57769	11689	7294	4364	6487	4716	12216	6957	23301	20744	17301
M14A	1086	908	2959	2617	7244	1219	1488	618	1133	1439	2881	1650	19878	22045	14706
M14B	3237	2511	8183	7382	16807	3360	1710	1139	1597	527	2222	1403	1263	879	1982
M14D	1686	1483	4797	4433	11081	2084	1613	937	1425	797	2147	1311	10034	12083	8041
M15	223	273	672	1099	3179	1214	1622	686	950	1134	1560	446	5163	3227	2722
M15A	341	177	629	1418	2309	679	404	696	440	546	780	223	3483	2482	2178
M15B	0	0	0	0	1	0	19	19	8	33	71	102	913	1063	1571
M15C	1	0	0	2	0	0	0	0	0	2	3	5	1	2	3
M15D	377	319	1060	978	2277	383	200	165	193	59	147	160	160	119	203
M16	2674	1657	4703	5385	10797	2376	1039	1139	1225	990	3247	1587	5820	7107	5950
M16A	3906	17816	27117	675	1638	831	8	1	3	11	2	1	24	40	25
M16B	2285	2200	6095	7961	19877	6572	5589	1387	2416	4496	10365	6205	17896	17850	14768
M17	0	2	2	4	1	0	6	6	15	16	3	1	61	12	28
M19	1829	1408	4830	4592	10420	1888	1071	770	1285	1074	3887	1362	1245	1127	1556
M20	5327	3802	12220	11561	27367	5128	2698	1911	2668	920	2117	2267	2011	1210	2239
M20A	0	0	0	3	9	0	1	0	7	347	1645	192	104	77	92
M20D	4084	3144	10477	10055	21346	4132	2265	1591	2175	1536	3450	2042	3766	1847	2758
M20F	0	0	0	0	0	0	0	0	0	0	539	119	1	64	66
M23	532	449	1348	2246	5133	2041	1583	446	620	936	1454	954	1318	1097	1453
M23B	8444	25428	42355	11696	29924	8592	6156	3385	3888	4855	6930	4271	16049	8643	10047
M24	1022	718	2166	2147	4885	882	447	344	516	589	900	668	1895	569	997
M24A	0	0	0	0	8	5	0	0	0	0	0	1	0	0	0
M24B	1428	976	3166	3105	6827	1248	706	495	768	281	1814	968	388	404	406
M26	1	0	0	0	1	4	1	6	12	103	52	205	186	164	647
M28	4329	3432	11075	10684	25074	4702	2522	1847	2469	2845	6942	4083	10707	9828	8344
M28A	0	0	3	0	2	0	11	7	4	153	277	131	1029	1285	1718
M28B	2001	1257	3857	4023	8348	1520	1467	684	1217	329	1318	624	1259	681	2477
M28D	1535	1142	3812	3565	7001	1331	583	437	655	1469	3423	1661	10148	10508	7936
M28E	2482	1945	6300	5717	13516	2597	2081	1155	1772	1060	4289	1519	4147	4537	5190
M28F	1	3	8	5	1	0	2	0	2	847	3556	1262	11865	14069	7314
M36	0	4	3	0	1	0	44	6	16	670	130	184	3513	1553	2326
M38	16983	22641	49314	39057	78118	16745	14096	6324	11281	13362	29904	12610	64270	47936	50939
M41	2680	14429	20289	510	1306	610	16	19	18	57	45	17	51	43	22
M43B	1964	1647	5052	4858	12334	2197	1225	872	1210	671	2669	2221	6242	7951	4969
M48	449	430	1507	3014	7131	2785	2408	1052	1213	1490	3272	1097	3726	2267	2071
M48C	5813	25095	39114	4634	9847	3237	2226	1206	1533	2740	4014	1907	12164	8561	7200
M49	0	0	0	3	1	0	2	15	22	5	10	238	43	31	10
M50B	0	0	0	1	0	0	0	0	0	1	1	6	0	3	1
M57	0	0	1	0	0	0	1	0	0	5	552	597	2	79	112
M61	414	164	456	564	430	111	620	131	393	161	311	810	962	379	2142
M64	0	0	0	0	0	0	0	0	0	320	715	486	6117	7712	5147
M72	10	14	56	61	141	60	1024	220	572	357	1104	834	6989	8495	7811
M74	318	251	1041	1712	3934	1419	1240	743	708	790	1053	425	3850	3043	2982
M75	1906	9363	13825	2577	6611	2611	2260	634	1003	1186	1789	886	4006	3152	2670
M81	1202	828	2895	2656	6143	1156	528	472	552	174	424	370	505	223	596
M98	5	7	21	24	93	42	761	156	396	494	1359	559	9468	10818	7575
N04	0	0	0	0	1	0	0	2	0	194	447	1262	686	584	349
P01	722	563	2069	1754	4344	870	437	308	390	117	290	300	248	240	509
S01	0	0	0	0	0	0	0	0	0	31	14	14	417	24	14
S01A	938	985	3410	6704	13396	5016	4143	1606	2006	3198	8524	1949	9203	6790	5153
S01B	133	553	1821	2849	8155	3505	4311	480	1346	975	2179	918	8424	10586	8584
S01C	3492	10056	17831	8634	17149	6133	4553	2913	2572	7082	13184	4597	29093	23715	17902
S01D	0	0	0	3	9	0	0	0	0	1006	111	204	4092	737	1012
S01E	0	0	2	0	1	0	0	0	0	0	0	0	0	0	0
S06	617	271	643	821	496	130	18	6	6	48	20	3	363	145	67
S08A	11542	25626	48948	21074	50849	11242	11082	4479	7886	12358	22754	13252	99225	93177	66270
S08B	578	192	559	644	603	115	10	8	12	2230	1719	1374	19137	17667	14124
S09	18798	26483	63474	45546	107914	23894	15979	9262	12915	10427	21728	12986	49711	52443	44310
S09A	1310	583	1439	1713	1436	358	1957	490	1336	7918	18468	5273	29771	17594	18436
S09B	9265	7832	26455	25824	62084	12319	7029	4534	6365	5194	13436	6894	21914	19840	14232
S09C	1125	5003	7798	606	737	296	399	121	440	3022	7854	2651	11850	6145	7033
S09D	2782	2202	7339	6718	15499	3104	1450	1002	1459	733	1949	1246	752	611	629
S10	3008	2331	7505	7205	17239	3436	2324	1393	2173	1655	3459	1533	2848	1040	2326
S11	5098	14232	25515	9530	22610	7652	6210	2927	3364	4299	6855	2562	13227	8994	8391
S12	18329	25197	59512	41294	96145	22550	14542	7313	10570	12228	23879	14267	36825	24909	24571
S13	4647	13135	22147	8295	19217	5833	4389	1640	2332	1462	2574	1711	8946	10506	8122
S15	13475	36855	55009	9090	19098	4591	1572	1161	1580	588	2036	1182	1480	933	1378
S26A	0	0	0	0	0	0	1	1	4	73	0	19	54	5	26
S26C	17	52	260	335	1184	347	421	83	145	132	316	45	253	83	27
S33	4798	15549	25382	5809	14252	3943	2329	1002	1473	3725	6235	4677	22525	23846	19575
S41	0	0	0	0	0	0	0	0	0	0	0	0	7	5	9
S41A	11509	29433	48069	14827	33592	8739	5904	2924	4142	5336	13046	5779	40220	42829	31695
S41B	7011	5614	18438	17970	42202	8169	8107	3854	6345	5262	10137	6777	46828	47743	35031
S45	14085	48157	67405	12788	30196	6563	4523	2300	3749	2097	4845	4511	6705	3895	8126
S46	1	0	0	2	7	1	76	14	54	4	97	122	39	37	27
S49A	4	2	13	43	80	9	0	0	0	528	999	663	9939	11760	7560
S49B	2	3	5	15	57	9	287	60	158	55	203	26	1002	983	579
S49C	811	687	2136	1900	5201	940	1163	535	882	465	3168	901	339	279	1229
S51	0	0	0	3	1	0	3	0	0	18	1577	531	10	181	263
S55	0	0	0	0	3	0	1	0	2	9	31	40	337	423	624
S66	0	3	7	23	69	5	7	2	6	36	33	59	86	62	312
S82	738	615	2063	2083	5007	892	502	409	527	257	628	349	1667	1837	527
S85	1866	6526	9994	2044	3835	1474	956	345	594	722	1645	595	3034	3697	2531
T01A	0	0	0	0	3	1	0	0	0	0	6	1	0	0	0
T02	1250	966	3464	3039	7643	1402	786	493	750	1092	3479	1497	7641	8169	5655
T03	6390	14862	28465	12753	30492	7830	6551	2777	4266	4629	8447	4368	21949	17975	13747
U69	11	9	41	210	401	33	15	1	9	1120	6710	5649	3690	2614	4110
X15	3	0	0	2	0	2	0	1	0	3	1	1	0	0	0
X52	563	454	1111	2562	7470	3112	2883	944	1363	1356	3063	677	464	693	962
