ID	coculture_1_0d	coculture_2_0d	coculture_3_0d	coculture_1_9d	coculture_2_9d	coculture_3_9d	coculture_1_70d	coculture_2_70d	coculture_3_70d	coculture_1_450d	coculture_2_450d	coculture_3_450d	coculture_1_720d	coculture_2_720d	coculture_3_720d
A01A	0	0	0	0.590047	0.443465	0.611981	0.490613	0	0	0	0.493894	0.29813	0	0	0
A08	12.9883	2.29171	2.727206	8.81079	2.50969	1.18614	0	0	0	14.892734	2.559987	9.435208	35.493112	16.941864	23.69683
A24A	0	0	0	0.054218	0.019941	0	0	0	0	0.452505	0	0.136393	0.034986	0	0.799866
A26	0	0	0	0	0	0	0	0	0.114952	1.47834	1.45602	2.6428	3.064126	8.330699	5.71497
A28B	0	0	0	0	0	0	0	0	0	0	1.76183	4.04625	0	0.16186	0.365095
A32	0	0	0	0	0.037243	0	1.257239	0.983608	3.583337	42.533181	0.160304	7.786983	20.158466	2.069234	3.225291
A39	0.101659	0.01737	0.049612	0.105193	0.020115	0.011162	0.039723	0.016665	0.127264	13.752531	22.925107	12.205867	4.313856	4.421155	8.842158
C01A	0.40579	0.082863	0.262011	0.581668	0.529639	0.502284	16.106	8.74821	19.0398	0.168032	4.89347	0.369335	0.822382	0.222632	11.0833
C01B	0	0	0	0	0.018553	0	0.768482	0.105765	0.308229	0	0	0.306209	0	0	0
C110	0	0.009087	0	0	0	0	0	0	0	0	11.366	4.15405	0.025232	0.474107	1.1312
C13	0	0	0	0.58552	1.259155	2.61271	0	0	0	0	1.72298	4.748209	0	0.17565	0.099125
C14A	0.178652	0.020444	0.034719	0	0.01165	0.033833	0	0	0	0	0	0	0	0.020721	0.023406
C14B	57.314548	5.3709	7.655238	75.341319	45.726918	48.372475	22.421171	167.525911	56.505406	122.303732	132.80733	97.434645	90.153475	43.471612	50.413526
C19	0	0	0	0.304846	0.502094	0.67703	0.067855	0	0	0	0.265994	0.577808	0	0	0
C25	29.97614	8.537063	16.430735	39.098221	37.376665	20.337249	17.439257	29.1317	30.752302	15.422027	29.152352	51.58807	6.109064	9.164769	15.139711
C39	256.045723	406.643746	341.829376	21.440795	19.446144	28.285416	0.327379	0.167125	1.062197	9.234518	12.323007	8.440194	6.910609	12.76301	14.529683
C40	300.371303	317.529541	286.190937	172.667835	157.883967	100.725742	69.656639	122.98775	122.115765	47.592464	76.202591	89.554191	20.489371	19.183358	44.497722
C56	31.948468	3.611237	5.184939	16.42238	4.669041	3.357799	0.762916	1.12916	0.547113	27.815	26.304412	38.705942	119.418473	136.212451	118.683002
C59	0.055	0.188424	0.096352	5.3938	0.863003	0.405267	1.05106	2.59542	7.0302	7.62543	10.3887	7.43037	4.920488	8.183861	8.855158
C60	0	0	0	0	0	0	0.108885	0.262161	0	0.677218	0.083361	0.607675	0.039351	0.08468	0.188658
C60A	90.559921	131.63021	116.860227	7.38945	6.633293	14.576336	0	0.401032	0	0	0	0	0	0	0
C69	0.167093	0.047385	0.046461	0.39291	0.338436	0.14987	0.393894	0.326678	0.772536	3.287205	2.174949	2.99203	1.470999	0.990455	2.967268
C82A	651.502378	563.978829	502.473253	925.660185	730.20771	892.181327	973.646698	1310.254813	868.494403	951.469773	416.847404	460.458569	680.739527	577.112499	496.446083
C82B	75.67565	21.024003	27.416496	162.676655	121.00211	130.764671	159.278313	329.479283	212.125738	241.417075	160.184746	126.556941	239.217617	214.533475	203.673309
C83	0	0	0.019992	0	0	0	0	0	0	0.452505	0.524872	1.36393	0.244901	0.30145	0.210491
C93	12.703355	1.820788	5.37948	23.740799	14.840783	3.685183	35.742791	218.68671	115.836562	246.45782	178.558664	96.237496	301.022562	223.802042	201.515388
C95	0	0	0	0.287746	0.277333	0.54874	0.073304	0	0	0.112951	0.401007	0.103796	0	0	0
G04	101.002426	27.39955	49.85833	137.391199	153.461113	105.628848	147.264249	161.076521	149.878936	131.032299	118.167963	100.508046	36.834092	20.594371	21.969851
I04	0	0	0.01003	0.105009	0.026475	0	0.398857	0.355755	0.558289	0.455786	2.16115	6.282747	9.32816	11.1659	21.185225
I25A	0	0	0	0	0	0	0	0	0	3.10408	0.873686	27.4446	0.74354	1.86291	1.67473
I39	584.155637	144.422768	263.754345	662.322395	578.185214	326.027531	313.119983	452.606713	501.927608	479.195929	724.443896	736.896428	241.02078	155.04298	289.251288
I51	0	0	0	0	0	0	0	0	0	12.5647	3.805714	58.828593	12.768195	24.146419	37.367894
I78	0	0	0	0	0	0	0	0	0	6.0847	1.86849	8.93549	1.311979	1.841594	1.77802
I87	47.049886	15.429066	26.750451	61.978791	66.4085	29.41765	30.590297	46.6853	56.637572	34.285213	32.407356	60.231056	24.886022	8.886326	21.812932
M01	222.555454	53.981615	100.240548	251.101763	215.463277	112.381864	106.851697	171.244538	180.985612	100.600695	162.215389	182.848482	150.220392	152.226676	163.926301
M02	0.145715	0.066652	0.078989	0.353529	0.25586	0.146674	1.102473	1.66349	1.41183	8.99064	3.700313	12.494044	6.960104	6.928494	14.397871
M03A	0	0.007619	0.031284	0.343977	0.809531	1.126107	3.579354	1.396179	2.114837	51.012436	59.207509	23.263763	23.385454	6.129192	11.160951
M04	0	0	0.00453	0	0	0	0.501276	0.190673	0.131933	0.803686	0.865936	10.020474	4.237797	4.591811	9.401462
M06	44.4189	11.9506	21.6755	50.8238	51.2373	22.7017	22.440663	37.750779	38.6264	11.466676	13.029119	20.266933	1.30711	1.781517	1.643634
M08	51.1011	14.45115	24.6649	56.64611	55.48019	25.25202	24.493912	37.593185	45.849092	12.06326	12.315987	26.385512	4.61681	2.80517	1.955796
M10	0	0	0	0	0	0	0	0	0	1.50126	6.600603	5.654175	0.804003	1.840273	0.571445
M103	12.0641	1.994726	2.503364	7.911281	2.288813	1.288405	0.152632	0.52516	0.16371	2.993361	15.67251	17.139736	6.935839	7.026038	12.575476
M105	0	0	0.009132	0	0	0	0	0	0	0.495232	1.66354	3.57635	8.56085	11.00379	19.77648
M106	0	0	0	0	0	0	0.087327	0	0.155472	2.43069	0.338444	2.58147	2.15723	0.674083	2.83129
M10A	0.186836	0.031588	0.072764	0.099574	0.003859	0.386414	0.328017	2.331717	0.158636	14.594404	18.530005	23.030522	69.710564	93.213072	84.345983
M12	0.220673	0.092938	0.166842	0.506062	0.530416	0.542212	16.2971	8.16853	16.6247	0	4.52521	0.597011	0.885986	0.235615	10.8686
M12B	9.64821	1.437304	2.249264	7.18379	1.686552	1.20934	0.78048	0.347133	0.508546	0.882485	13.777094	5.719912	4.238732	2.675415	7.913351
M13	0	0.033102	0.062796	0.198069	0.080224	0.054018	1.864629	1.781006	2.57927	62.040698	71.633702	44.201543	30.91223	9.458785	20.993788
M14	315.667375	190.912651	237.818028	301.587079	267.96461	154.691439	147.625537	220.326779	237.764207	142.175673	188.748483	195.240583	151.224397	137.113557	134.565715
M14A	29.745054	8.395334	15.902087	36.480154	39.415483	18.559525	32.398596	36.192053	46.3341	55.92854	55.13381	58.825863	168.373889	200.769662	152.014629
M14B	82.5035	21.79939	41.879514	97.97048	87.7737	49.39668	40.973975	67.808408	69.647041	18.603239	36.754415	45.33046	8.885016	6.729743	16.441407
M14D	63.926043	18.978828	35.264814	84.881012	82.854652	43.704655	51.818835	78.175213	84.330779	44.024696	63.065337	68.904585	128.456667	166.606581	131.033608
M15	20.17874	14.862173	17.661125	75.46523	98.76691	140.28749	264.00428	95.391731	186.183139	100.75769	84.203669	26.208919	54.846409	33.54999	36.721174
M15A	57.172019	11.340945	20.298671	129.281863	72.68257	77.378223	52.821161	167.970582	71.718894	76.306949	35.45603	31.540147	58.623979	56.933521	62.159319
M15B	0	0	0	0	0.009306	0	0.545299	1.396655	0.425192	1.562322	2.182248	5.725986	12.64616	16.055299	27.087752
M15C	0.142729	0	0	0.149335	0	0	0	0	0	0.423333	0.306209	0.933745	0.049442	0.106144	0.176259
M15D	41.9007	12.34796	22.25501	56.03403	47.457621	24.447656	20.486923	40.6184	34.979647	9.52412	11.727527	23.397898	6.326776	4.93984	9.521707
M16	82.4328	16.068917	25.875387	84.203186	61.938029	41.582127	26.755011	86.537629	59.168453	49.849889	61.432804	60.787114	68.684476	91.607874	84.661851
M16A	68.1709	104.72	93.3759	6.00247	5.72933	8.0647	0.124935	0.039152	0.085274	0.348591	0.024437	0.022663	0.199651	0.299512	0.24345
M16B	85.258607	30.462743	49.048434	166.896548	169.247029	160.841862	221.090374	133.234563	169.424534	181.960036	188.41575	218.970522	154.276463	181.911753	183.480437
M17	0	0.025099	0.01419	0.074075	0.007319	0	0.192015	0.47792	0.869288	0.809556	0.076896	0.046116	0.68662	0.148485	0.400434
M19	90.817	23.937534	46.993429	116.961421	102.889445	53.493561	48.79879	86.439657	104.207333	77.124181	147.32818	89.49383	19.483466	19.146663	29.711249
M20	216.973047	52.665877	96.034732	237.8629	214.247859	115.336102	96.498834	169.218574	172.046428	51.420984	60.888996	118.280803	26.258109	16.852887	35.091953
M20A	0	0	0	0.0601	0.069727	0	0.035368	0	0.447862	18.7303	46.5048	9.77138	1.28756	1.0324	1.40009
M20D	174.180337	45.891036	87.765095	219.820016	179.567324	99.4188	87.479849	151.445106	151.262554	112.352595	153.948531	129.049493	53.807105	28.27946	47.068015
M20F	0	0	0	0	0	0	0	0	0	0	15.1149	6.0071	0.012277	0.850949	0.996116
M23	28.163185	8.37585	14.426954	63.783942	55.798954	64.07091	79.644203	55.202645	55.884178	62.882748	41.446674	59.721023	22.264637	19.501536	28.677099
M23B	475.919201	528.116861	484.762068	322.362222	333.472298	306.831521	381.132071	429.410397	381.340131	407.908795	315.905686	286.08402	293.74168	165.648484	213.065874
M24	44.0514	10.53812	18.232024	47.3516	41.504523	21.38026	17.398423	33.22985	36.296417	35.028962	28.243441	37.486279	25.90463	8.438222	16.803788
M24A	0	0	0	0	0.627127	1.34243	0	0	0	0	0	0.546621	0	0	0
M24B	49.1603	11.419879	21.418922	54.737042	46.771862	24.16532	22.156583	38.758242	43.510957	14.295386	51.200412	47.657019	4.454138	5.221105	6.103098
M26	0.008119	0	0	0	0.001636	0.017975	0.007235	0.109242	0.158442	1.12936	0.305903	2.16025	0.465464	0.445532	2.0092
M28	204.47482	56.33117	105.644173	264.564169	244.614632	132.170122	112.834811	204.120119	199.521882	154.294934	208.687989	218.632367	111.623491	102.094949	100.782875
M28A	0	0	0.017004	0	0.012024	0	0.630277	0.910919	0.453125	7.683005	6.583102	5.295441	9.798763	13.261249	19.545462
M28B	52.21386	11.001226	19.286775	52.697341	41.618783	21.191914	31.867512	37.577322	48.292108	11.522589	28.795659	22.057839	10.900152	6.366767	25.645809
M28D	56.437307	14.150283	27.232867	66.651081	50.198179	27.034273	18.982722	35.353004	38.582927	70.994233	86.975784	74.272817	93.161335	97.714156	88.035656
M28E	102.361097	26.472349	48.64187	116.514509	103.200916	56.157114	61.719442	94.597401	99.157349	58.197167	119.072558	83.135827	80.180991	97.446408	102.825398
M28F	0.065217	0.067344	0.075163	0.123829	0.011558	0	0.098478	0	0.221202	45.675001	114.175727	64.832251	120.362148	149.242661	82.447363
M36	0	0.015883	0.016489	0	0.006953	0	1.159405	0.456174	0.811309	20.462909	1.573945	4.436263	21.2767	7.85762	13.17111
M38	538.319977	265.309358	313.8649	617.522136	481.120235	289.559301	369.598264	427.471183	559.990691	590.587165	679.968097	501.555659	612.156047	469.932284	591.639628
M41	72.9606	132.880298	108.594	7.08843	7.0854	9.28011	0.395249	1.168483	0.804485	2.145858	0.895766	0.607054	0.439137	0.401475	0.233665
M43B	31.1431	8.78927	15.814878	39.237	39.2328	19.3562	17.360299	31.0169	31.2405	28.803087	46.381146	58.945005	97.654731	132.633602	91.844825
M48	19.41564	6.342176	12.703611	66.908388	60.973915	68.106628	94.182206	100.518947	85.049949	86.727918	97.515808	59.631704	48.488706	32.447104	33.279941
M48C	349.671889	457.488428	413.078667	206.463971	166.413009	162.205538	192.391052	203.132462	214.232598	226.258996	215.991474	160.802304	205.585902	181.716084	175.579327
M49	0	0	0	0.049513	0.006417	0	0.058178	1.08741	1.15992	0.226359	0.240684	10.3374	0.436669	0.347796	0.129529
M50B	0	0	0	0.055875	0	0	0	0	0	0.15569	0.0772	0.842967	0	0.116713	0.043431
M57	0	0	0.015794	0	0	0	0.085573	0	0	0.628697	34.455793	68.00792	0.053758	2.432535	3.89921
M61	12.326241	1.652645	2.653464	8.565051	2.51995	1.813284	15.523448	8.189697	17.826611	7.490863	6.538298	32.943208	8.824851	3.78211	23.653344
M64	0	0	0	0	0	0	0	0	0	16.8955	19.7846	24.206	74.0663	101.135	76.6271
M72	0.207798	0.100651	0.227997	0.656681	0.578606	0.685416	18.832983	10.1352	19.1184	15.333481	22.66408	33.062876	69.356822	91.832733	88.496673
M74	22.992379	6.667779	15.334962	67.148296	59.267846	64.262552	89.404056	114.102766	83.867862	76.096019	49.540747	38.279844	81.88253	75.130144	86.463595
M75	87.146109	145.855349	123.510316	61.948104	60.966232	69.610195	96.003284	66.664065	76.910244	77.272863	63.199802	54.332037	60.09192	52.260482	50.272856
M81	44.25365	10.11476	20.41493	48.8615	43.84777	23.35695	17.153824	38.160395	32.471974	8.61046	11.023146	17.314041	6.09653	2.715903	8.159839
M98	0.120205	0.056846	0.099372	0.29438	0.446181	0.563341	16.4188	8.41589	15.5219	16.747761	24.40551	17.530288	69.290378	86.175247	69.54587
N04	0	0	0	0	0.003885	0	0	0.064589	0	4.154992	5.13614	23.899338	3.686517	3.151273	2.054058
P01	40.1701	10.7344	22.4021	50.1136	47.3873	27.4452	22.131991	38.508685	35.562357	9.07824	11.633604	21.722711	4.447275	4.64166	11.15635
S01	0	0	0	0	0	0	0	0	0	2.248447	0.689849	1.008338	6.376816	0.404476	0.333765
S01A	92.850635	31.765797	59.662316	326.298532	240.39694	271.308271	318.912002	318.4487	271.450287	221.550117	193.250038	99.792037	129.828555	103.210403	95.07907
S01B	4.486709	6.039214	11.284388	45.698777	50.667287	61.420108	134.173748	40.635348	82.044308	53.593087	64.513789	48.547833	106.092719	144.68187	142.253359
S01C	138.305683	138.951196	142.221778	180.00353	138.45436	141.399118	171.682542	245.478565	164.893659	398.889701	393.924176	238.193051	368.957937	331.439129	288.234282
S01D	0	0	0	0.051656	0.024786	0	0	0	0	19.520172	1.238809	4.350289	23.905633	3.851735	5.417661
S01E	0	0	0.102757	0	0.049673	0	0	0	0	0	0	0	0	0	0
S06	10.8209	1.60072	2.22486	7.33649	1.74326	1.26783	0.282485	0.236061	0.171381	1.144	0.253886	0.068321	1.97745	0.856879	0.451638
S08A	407.72637	354.993504	368.508121	343.631714	322.461396	212.976601	355.482212	340.434659	462.483056	347.657161	386.773573	374.150077	635.007361	643.017349	553.465811
S08B	13.024981	1.459922	2.468728	6.959214	2.325878	1.286154	0.213613	0.40708	0.472839	83.020755	22.845306	34.769726	131.637766	110.36752	105.637435
S09	848.730989	554.22633	643.558441	1002.299776	894.647248	615.866699	689.2352	934.890706	938.087003	739.12828	759.493924	783.155929	792.886733	840.974394	847.912657
S09A	32.686325	4.850029	6.948174	21.85366	7.060133	4.747	34.308918	22.425086	43.881656	275.137375	334.142652	173.348613	230.124634	143.005444	174.64053
S09B	214.855118	62.755329	123.887256	320.441668	309.27734	187.840131	203.824755	252.948814	278.846621	178.044713	274.606941	228.499518	138.913403	131.772479	134.193134
S09C	90.908442	140.721441	122.064616	14.622058	9.404032	12.78587	24.451925	13.726053	31.431906	113.104996	142.916622	92.941114	100.105728	65.175514	100.741197
S09D	77.1087	20.83643	39.317266	94.391569	88.892298	47.995408	35.746401	64.129389	67.864772	25.465112	34.626331	44.60435	5.868399	5.122147	5.511719
S10	112.803594	29.656288	55.042175	138.12524	127.8969	72.21731	77.808882	116.747927	132.194129	84.693373	93.397301	74.481393	32.932143	13.20508	33.241971
S11	284.241624	296.399771	290.512947	226.951761	205.833489	199.158398	253.872833	309.315308	258.017437	291.599878	262.124622	167.295652	212.374858	158.824115	173.326096
S12	833.486878	427.492405	547.234421	944.207975	881.219779	628.62711	706.638362	803.12566	854.642003	784.331379	788.807122	838.954024	526.02607	404.762067	440.052312
S13	182.706123	161.26523	161.181725	173.664196	155.846809	129.520244	154.948113	149.676354	154.759809	78.46053	74.574151	91.448359	106.581435	135.017814	119.886479
S15	352.508388	320.203558	279.882332	127.52173	104.01712	69.549313	40.245862	71.759548	71.179813	22.248273	40.66231	42.693638	12.909575	8.836339	14.361865
S26A	0	0	0	0	0	0	0.258881	0.59206	1.77889	28.6307	0	6.24267	5.079274	0.497342	2.82241
S26C	4.27298	4.89283	12.30038	45.6229	54.3388	54.8877	105.4056	47.0466	62.18333	51.502768	56.769868	14.837355	22.930488	6.449858	2.588356
S33	300.720747	324.103299	300.748302	197.105455	181.075557	149.773854	146.115864	148.001559	160.547765	270.409184	256.810439	359.325171	292.33717	344.476088	340.020362
S41	0	0	0	0	0	0	0	0	0	0	0	0	0.314627	0.24148	0.482478
S41A	395.898062	313.655029	311.245232	309.3744	277.542701	201.95339	218.374426	276.904952	279.042898	276.127486	365.655813	280.851843	424.777576	494.575742	417.79013
S41B	104.20387	28.071647	54.115424	136.03299	125.931963	67.313915	101.303303	125.275102	147.04166	101.406589	102.326264	125.785834	194.647011	212.318874	178.75848
S45	287.765326	315.263276	262.382103	147.612587	135.973652	80.653941	91.34256	117.832489	138.441234	57.234481	78.734407	128.928054	39.085309	25.837037	63.36358
S46	0.023803	0	0	0.02389	0.032889	0.013278	1.847274	0.916593	2.273504	0.23901	1.692208	4.05471	0.302451	0.328329	0.251197
S49A	0.078045	0.013154	0.050007	0.427655	0.312775	0.097746	0	0	0	20.574903	20.698162	23.590554	90.666906	116.31869	81.50529
S49B	0.131627	0.067979	0.063807	0.508014	0.731296	0.337614	17.2733	8.831944	16.98914	4.28605	9.089671	2.052291	20.818885	21.993777	14.748806
S49C	34.72553	10.029041	17.838513	41.662368	43.926486	22.507012	36.843971	46.699631	53.428026	25.638548	89.857546	48.770177	3.943036	3.862361	14.901399
S51	0	0	0	0.136359	0.011289	0	0.123842	0	0	1.154053	53.763167	31.70741	0.134336	3.024021	5.17429
S55	0	0	0	0	0.016808	0	0.02529	0	0.091784	0.34649	0.63047	1.46191	2.97047	4.04142	6.78413
S66	0	0.063214	0.082717	0.710587	0.805463	0.170328	0.411607	0.289294	0.633626	3.004983	1.401076	4.53881	1.6757	1.281938	7.27554
S82	29.4492	8.34964	16.1111	42.5462	39.5272	20.0196	18.107854	36.6499	34.3763	14.27348	18.07958	18.183326	19.79699	23.91715	8.28551
S85	321.527559	404.869872	322.13807	194.58281	127.130467	160.00669	166.797921	140.575324	176.03008	183.676017	195.783977	128.304443	159.960424	208.173326	159.24982
T01A	0	0	0	0	0.432469	0.414345	0	0	0	0	2.72713	0.831058	0	0	0
T02	79.7172	21.11375	42.810652	99.434175	94.805455	50.77667	45.350445	70.456275	78.110801	91.110529	149.911787	118.68097	135.041251	153.390651	123.840908
T03	196.893765	153.821898	171.080118	198.683359	184.719545	133.608004	176.478891	187.668085	208.725477	196.760782	187.872037	180.592756	213.111739	188.866468	164.615072
U69	0.038376	0.010508	0.036428	0.372734	0.297392	0.073877	0.072338	0.059303	0.086642	25.797266	30.940313	39.262449	21.636966	11.592075	14.691506
X15	0.948732	0	0	0.219577	0	0.253297	0	0.468007	0	0.956606	0.147419	0.271631	0	0	0
X52	15.242207	4.159701	5.914133	35.409076	40.301887	47.073662	70.144397	57.363828	60.194755	51.034928	61.730447	24.370117	3.995619	6.382524	10.112718
