ID	coculture_1_0d	coculture_2_0d	coculture_3_0d	coculture_1_9d	coculture_2_9d	coculture_3_9d	coculture_1_70d	coculture_2_70d	coculture_3_70d	coculture_1_450d	coculture_2_450d	coculture_3_450d	coculture_1_720d	coculture_2_720d	coculture_3_720d
AA0	0	0	0	0.040615	0.013468	0	0.520206	0.709613	0.176965	36.948539	22.963447	16.67433	25.890825	11.757921	15.551503
AA1	146.048553	181.354574	162.467477	42.078729	25.406121	28.603968	7.643565	47.119369	23.331791	87.641218	51.643862	98.133005	105.959716	122.253621	111.989605
AA10	0	0	0	0	0	0	0	0.240668	0	0.786598	0.272689	0.422584	0.374611	0.412065	0.181198
AA12	57.896444	14.611302	29.146747	93.571845	72.659174	43.498133	41.2527	45.391578	53.783255	21.151922	37.65741	83.146244	13.765999	13.935113	22.644295
AA15	0	0	0	0	0	0	0	0	0	0.247769	0.087123	0	0.217526	0.112747	0.104923
AA1_1	24.281434	8.019943	12.121888	59.39536	57.121987	61.677505	74.521211	71.214951	61.611714	33.192003	18.809883	10.102194	0.903583	0.638877	0.455425
AA1_2	0.082792	0	0.029995	0.021196	0	0.022963	0.492339	0.553822	0.80543	21.237507	7.666489	55.334505	38.016747	41.971229	29.297979
AA1_3	18.834858	1.730106	2.242867	26.039134	15.089252	15.133508	5.242453	47.220546	20.618497	26.955472	10.702065	16.819146	14.285215	10.991645	29.233363
AA2	68.631074	101.581921	89.126507	13.122776	7.439368	8.90306	0.709004	0.795329	0.5399	2.514965	1.008048	39.77621	3.972436	2.310559	7.13053
AA3_2	3.12276	2.80849	5.3224	26.2655	17.2831	15.0822	14.2911	3.93415	3.38129	2.708211	0.563681	1.444584	0.24998	0.139881	0.227513
AA5	0.067925	0.030573	0.066883	0.046194	0.067861	0.366074	0	0.152414	0	0	0	0	0.007063	0	0
AA5_2	115.004	116.822	76.0136	7.80859	7.916036	8.54492	0.099534	0.048733	0.035398	0.438385	0.874549	1.717387	7.21605	6.005768	18.57356
AA7	0	0	0.006988	0	0.007071	0	0.064327	0.080049	0.058241	0.392382	1.15914	2.08553	3.64282	4.9693	8.46738
CBM0	88.3605	23.76611	46.40008	110.529925	98.012689	56.82093	45.677589	76.289582	85.603404	83.883566	85.179478	117.615664	166.222872	195.724709	190.356612
CBM10	0.087109	0.193257	0.355771	7.99717	1.325294	0.798716	1.46718	5.48033	16.3578	0	0	0	0	0	0
CBM12	29.196309	8.39078	16.100526	38.280342	38.144206	18.947607	33.858996	37.682642	47.309682	60.501348	51.416914	83.009916	156.729687	188.675425	147.188134
CBM13	152.622298	173.653737	156.044169	58.633523	50.318513	34.849401	52.405468	51.024553	65.694944	152.695702	309.217201	419.281222	528.236248	666.776737	605.962476
CBM16	27.8763	7.16419	14.4608	37.2792	37.3856	17.5187	17.1487	28.965184	29.0358	10.5437	13.6705	16.638149	3.907633	5.68637	7.2063
CBM18	0	0	0	0.874588	0.69237	1.837784	0.20484	0	0	0	0.458165	0.331194	0	0	0
CBM2	84.520564	111.681793	110.596346	82.118005	45.837845	50.666595	48.295421	75.450391	72.054066	98.768884	54.210129	73.541781	123.658952	96.186589	162.778026
CBM20	0.649429	0.238995	0.479518	1.044162	1.164606	1.621369	34.802241	16.489376	36.01083	11.809851	25.925148	28.853062	62.94855	85.633689	89.299604
CBM22	0	0	0	0	0.012113	0.034087	0.054809	0.123293	0	25.143372	0.964478	4.970321	20.257739	3.802172	7.310216
CBM23	187.109345	184.229168	153.975454	66.756531	58.768705	33.566444	23.046135	32.805028	39.058039	10.997228	14.318535	40.799616	15.084834	11.568826	29.857826
CBM26	0	0	0.004415	0	0.007491	0	0.723319	0.998385	0.102367	1.107751	0.673122	2.175222	3.448343	4.470013	7.755281
CBM3	0.025716	0.008693	0.034804	0.406876	0.315372	0.057439	0.268591	0.037383	0	3.325086	15.334218	21.683679	13.541853	16.537255	30.639523
CBM31	4.646888	5.796585	11.330225	44.983683	50.249921	51.234144	87.50542	27.93216	52.756241	17.703905	17.802898	6.992944	2.449996	4.871629	3.268928
CBM32	186.687144	204.216394	194.900596	194.058545	176.633881	148.999969	162.783137	202.55386	186.806454	326.522546	216.193759	261.685197	311.01185	298.901049	357.395093
CBM35	319.792525	87.171444	157.834322	412.168674	371.49872	201.101237	187.915815	303.737061	337.185844	218.600212	265.080467	345.580011	284.852619	360.731887	375.984434
CBM38	85.060654	22.751413	36.11586	110.46834	85.656585	45.245634	41.60511	76.890135	94.01808	85.817274	98.145724	81.774853	62.777505	92.780652	124.157142
CBM4	61.3287	13.72208	24.20241	64.38154	45.80101	25.789056	18.630757	33.540015	35.485961	61.354911	62.894403	82.708033	172.942625	232.791297	187.097823
CBM41	64.916917	109.899045	96.287464	6.744969	6.448029	8.910028	14.215015	6.6515	13.798059	0.701598	4.516411	1.736474	1.26536	0.591389	9.888397
CBM43	65.110811	114.359955	98.501497	6.224449	5.857814	8.183288	0.082902	0.242657	0.028669	21.014804	1.934951	32.43422	16.727148	4.687254	7.085778
CBM47	147.196535	37.407029	72.769701	180.392009	162.659752	84.347909	71.36627	126.392107	135.22204	152.968133	126.834374	134.982476	106.025072	110.197772	147.247835
CBM48	29.684463	7.552372	15.30934	36.246423	39.782578	17.951695	17.658075	31.783927	32.940006	83.391875	141.727072	149.662214	288.843606	382.631955	301.913709
CBM5	24.770738	3.614106	5.783986	22.024042	6.706213	4.463556	7.784126	41.192409	23.710503	153.560636	162.949019	128.02761	379.990242	402.675745	268.116741
CBM50	1969.640603	2149.464113	1999.522995	1527.441536	1271.338023	1145.908007	1218.575552	1217.977109	1263.309292	1286.97888	1174.036015	1199.375217	1162.954297	1072.54664	1197.702793
CBM51	30.379129	8.956769	18.532995	44.709629	41.257556	23.512963	34.3079	38.110448	49.034043	73.348941	84.469715	86.28079	51.308477	78.437282	109.643208
CBM54	0.022344	0	0	0	0.00145	0	0.089245	0.740691	0.374118	1.725195	1.138127	27.772557	7.925295	7.884447	19.12696
CBM56	65.054499	107.655102	97.899399	11.14574	8.809772	9.583647	6.343716	33.223425	16.396461	26.442164	53.568916	53.887455	59.684737	61.415804	80.94978
CBM57	130.15236	126.12606	127.550202	79.45639	91.352805	73.08902	90.036105	60.962238	84.787114	76.09945	80.525668	57.046159	45.229867	37.32786	48.329279
CBM6	666.692599	490.29379	516.882769	548.832182	500.652028	350.716631	328.306837	517.336983	469.701761	513.839128	482.99418	469.125088	420.705437	401.098248	442.841716
CBM60	0	0	0.009722	0	0.036127	0	0.15522	0	0.120832	24.798449	4.283429	5.765703	41.25927	26.28432	18.49955
CBM61	0	0	0.004169	0.005346	0	0	0	0	0	0	11.1149	4.1085	0.004852	0.539082	0.803412
CBM62	0	0	0.001962	0	0	0	0.026397	0	0	5.26275	4.641296	10.57891	3.336501	5.816615	6.365797
CBM66	27.161297	7.863006	12.127401	69.677424	45.216065	40.799854	44.882526	68.27458	46.614929	60.717477	30.548096	28.827928	24.579753	32.506951	52.096396
CBM67	45.500577	10.691488	20.612675	51.169693	43.178494	23.416492	36.883001	44.782378	48.269282	85.416487	105.715136	95.034393	115.710863	177.674401	184.188198
CBM73	28.1356	7.9548	18.8631	38.4592	39.862997	21.1302	16.887	31.5445	33.4715	27.58485	9.780947	19.414007	18.466816	4.10291	7.269519
CBM8	12.0921	1.5236	2.21822	6.77755	2.04494	1.20558	0.028505	0.284229	0.310049	1.08571	0.183031	0.205688	2.28821	1.14275	0.600629
CBM84	0	0	0	0	0	0	0	0	0	0	0	0.438874	0.070754	0.01097	0.751944
CBM85	0	0	0	0	0	0	0	0	0	12.9062	35.1653	28.3051	75.065692	98.64835	77.855399
CBM87	0	0	0	0	0	0	0	0	0	0	0	0.53157	0.136658	0.027776	1.07484
CBM88	84.142819	117.789665	99.175779	6.765923	5.926407	7.682869	0.070176	0	0	0	0	0	0.008284	0	0.0305
CBM9	11.6804	1.700058	2.595011	7.16742	2.057575	1.242873	1.171369	0.788833	0.589358	14.362949	42.211861	49.562443	26.749189	30.004829	56.553193
CBM91	0	0	0	0	0.017837	0	0.053772	0	0	0.204725	22.7237	0.854213	0.281315	0.772366	0.705148
CBM92	0	0.04843	0.067828	0.00863	0.012595	0	2.174276	0.188028	0.888769	0.687683	0.422307	8.39943	0.12622	0.150081	0.226487
CBM96	0.595403	0.063217	0.11804	0.042515	0.056586	0.022507	1.39637	0.835698	1.978648	31.271136	67.8702	23.114566	32.128588	36.805428	32.60333
CE0	175.663354	46.967064	93.652542	222.63416	214.075702	112.900229	113.672754	175.29049	200.194568	81.668095	143.413156	180.549645	59.411125	79.202587	130.114484
CE1	0	0	0	0	0	0	0.043866	0	0	0.402542	1.11631	2.95593	4.39218	4.5864	8.51904
CE12	20.6481	2.255966	2.88456	24.9141	15.4236	17.932821	6.40277	56.2218	14.567192	90.74358	40.011667	60.120402	114.084226	120.42907	118.832692
CE13	0	0	0	0	0.009427	0	0.043419	0	0	0.132798	0.86346	1.99242	4.95662	5.06713	9.32927
CE14	73.852521	21.375869	35.195306	116.56436	110.13127	91.894833	113.375668	101.839436	108.443514	95.851719	48.25815	77.494104	46.076633	40.778854	63.344069
CE15	32.1896	9.48798	16.9513	44.0129	38.9001	21.5905	19.349172	35.25024	36.855372	21.325201	23.003399	33.046696	8.725943	12.560892	16.431251
CE19	13.371	1.54135	3.286567	7.62699	1.584307	1.41534	0.915949	0.335461	0.057667	43.633911	48.02342	26.19381	37.798865	58.491048	78.678665
CE20	45.9773	11.56279	20.318263	53.20747	45.881406	22.92718	21.207157	35.583467	41.944158	49.240758	75.197178	103.085643	109.994778	135.996188	135.694913
CE3	0	0	0.004324	0	0.017551	0.012234	0	0	0	22.8583	1.03229	3.90607	19.353	3.91098	6.07195
CE4	18.012194	1.89563	3.030848	23.126528	15.169101	14.700458	11.269771	85.6083	34.159378	65.077563	32.48875	29.841617	75.246256	42.258946	50.290918
CE6	139.71116	36.061465	69.243947	170.837585	139.095228	80.729952	65.094015	114.7627	113.360936	89.983242	121.149885	99.263101	41.071268	50.523822	63.385414
CE7	0	0	0	0	0	0	0	0	0	4.35494	5.07155	1.10752	3.18742	4.92437	6.03382
CE8	100.311621	190.640736	148.244639	10.777781	9.668752	18.371504	0	0	0.123452	5.302951	0.917496	47.4928	5.853073	9.081867	6.529672
CE9	134.925975	160.133833	115.462651	85.063792	47.746719	45.439522	31.036772	16.87128	53.609976	86.706826	104.333147	69.639329	126.945242	126.726255	110.068238
GH0	752.595875	470.387052	534.373353	653.732159	561.375495	311.8695	305.655232	487.867282	511.111449	576.355586	614.538419	660.489755	700.079551	772.063886	819.177226
GH1	0.077928	0.053963	0.141834	5.02526	0.814769	0.357584	1.562882	3.160894	9.488458	0.907081	0.851644	2.783903	4.159692	5.931904	9.942006
GH10	88.1018	16.18556	28.978482	73.06455	54.1994	27.72578	23.72362	42.365346	41.062362	16.032471	36.034032	38.585555	9.348412	6.319726	7.224352
GH102	23.024353	6.954472	13.299405	57.013571	59.341522	62.75972	82.456706	61.42536	56.200843	74.341642	62.133481	30.195842	11.497054	15.155939	15.800788
GH103	184.36828	181.478589	189.298025	319.656909	297.385689	350.261884	484.508837	439.54186	405.798696	418.0265	310.572438	237.094062	265.206815	190.505746	177.744339
GH105	0	0	0	0	0	0	0.101348	0	0	0.915912	0.33569	49.8171	0.035711	0.443843	0.561998
GH106	10.2323	1.34731	1.89771	5.93467	1.5938	0.813916	0.09079	0.292995	0.118132	1.16134	0.115595	0.037687	1.79428	0.785588	0.51241
GH109	46.292732	11.105299	21.125365	54.205308	47.400352	24.928397	22.325469	38.47929	38.409514	34.039885	19.85157	37.305655	27.052033	13.054183	20.63633
GH113	15.3867	1.541417	2.85856	8.98545	2.11464	1.44253	0.679168	0.291911	0.213135	3.339281	2.8091	16.03872	18.569338	18.872626	37.033197
GH114	45.46164	13.081534	23.092054	61.92947	49.223068	25.168231	24.629606	48.171785	55.81863	10.758548	27.969695	40.201738	10.138551	9.614247	19.224749
GH115	11.531876	1.343153	2.152889	6.704784	1.697444	1.436255	0.262596	0.505399	0.371634	2.058813	21.093954	10.607557	2.037593	1.640825	1.172894
GH117	41.4138	10.7105	23.030405	52.2592	52.040674	28.6094	24.281007	39.3876	46.2586	35.910732	42.882811	41.001647	25.83732	34.26227	55.42778
GH12	0.052169	0.065759	0.061971	0.515236	0.377893	0.114561	1.23617	1.471693	1.948687	26.695623	66.934565	34.665832	18.383824	19.25276	9.485285
GH125	0	0	0	0	0	0	0.073166	0	0	0.223396	0.146101	7.73418	0.025625	0.124867	0.1102
GH127	10.7812	1.33139	1.95914	6.24514	1.71748	0.885625	0.071218	0.296513	0.301697	1.156	0.248417	0.171652	2.00102	0.932232	0.479595
GH13	82.8066	125.075	101.384601	9.77971	8.195942	11.62338	2.302977	1.504978	2.352633	5.955679	24.703652	47.746517	20.636102	27.117313	45.241619
GH130	10.5792	1.07858	2.25786	7.96061	2.07241	1.20063	0.312542	0	0.093745	1.51686	0.082445	0.22327	2.18551	0.993047	0.359158
GH135	0.09244	0.032222	0.05327	0.143498	0	0.053425	0	0.416162	0	0.529071	0.199191	0.120547	0	0	0
GH13_19	86.4512	116.88816	109.354815	12.76972	7.31216	9.92814	0.340795	0.724943	0.359154	1.41839	16.380654	7.07836	1.960263	1.673801	2.014804
GH13_20	0	0	0	0	0	0	0	0	0	14.6737	18.6548	22.3265	66.3564	90.0196	68.3097
GH13_31	0.206041	0.072175	0.019717	0.053425	0	0	0.095837	0	0	0.209956	0.053471	14.8105	0.155539	0	0.17124
GH13_36	39.5126	10.9061	18.793184	44.00878	45.27092	20.9282	21.059765	33.7919	40.5478	9.08568	45.257655	53.09948	1.651771	3.438268	4.171436
GH13_38	39.3965	9.88453	20.09448	48.81379	40.56961	21.35812	18.865293	30.977256	32.542841	10.125931	9.794842	26.091867	3.3994	2.308005	1.943272
GH13_39	27.4809	4.01593	5.99831	19.37171	4.685281	3.63392	0	2.38424	0.610098	3.67136	1.594652	4.63569	8.166067	4.035489	5.1847
GH13_45	0	0	0	0.06	0.043775	0	0.755764	1.0402	0.764096	0	0	0.301387	0	0	0
GH13_6	0	0	0	0	0	0	0	0	0	0.53501	0	8.11282	0.022954	0.074662	0.113375
GH13_7	46.1947	12.6594	21.385622	56.19	54.4514	29.0851	26.5552	38.7643	46.3689	10.647667	30.260247	50.00379	1.96109	2.993522	3.378864
GH140	0	0	0	0	0	0	0.097636	0.487158	0.365982	0.34835	0.452274	13.85215	0.419877	1.801607	3.673117
GH141	0	0	0	0	0	0	0	0	0	13.0736	10.6142	5.16099	7.54412	12.8006	13.3101
GH144	32.534276	9.75493	18.078	45.768	43.5369	21.328886	20.543037	35.1829	34.8207	27.224116	61.690934	63.6492	72.958434	102.419333	80.081808
GH146	0	0	0	0	0	0	0	0	0	0.119124	0.047428	6.04525	0	0.066482	0.07576
GH15	20.2865	2.54698	3.3589	10.647422	4.008459	2.77153	0.622337	0.716659	0.382055	3.519338	5.362848	28.230702	10.139899	7.643942	16.095339
GH154	0.680965	0.084093	0.015068	0	0.138583	0.16143	0.07475	0.053148	0	19.170177	23.91043	13.235762	20.350748	30.358566	42.042299
GH158	0	0	0	0.177398	0.016545	0.247159	0.316196	0.772541	0.925407	21.7453	19.605608	24.402545	78.248984	100.658974	81.8736
GH159	0	0	0	0	0	0	0.028892	0	0	1.459176	0.854323	7.168088	0.522413	0.516595	0.389945
GH16	40.5278	10.69349	19.546932	53.680257	48.02695	23.47105	20.103193	35.920925	38.171729	14.712035	28.658752	35.052126	7.151492	8.571219	10.04888
GH166	0.139792	0.052965	0.024133	0.160797	0.01751	0.678685	0.078653	0.353978	0.20264	0.655551	0.268642	0.857957	0.027798	0.030334	0.013432
GH16_21	0	0.244671	0.20299	7.9997	1.25274	0.354866	2.35546	4.74893	17.5297	0	0	0	0	0	0
GH16_3	225.952968	60.959567	104.145495	255.221258	222.01972	121.035234	115.972303	178.448048	210.436258	98.59483	169.531637	192.408815	124.883514	154.93884	165.034035
GH16_5	0	0	0	0	0	0	0	0	0	0.242953	0	0	0.092586	0.087031	0.12212
GH16_7	0	0	0	0	0	0	0.157443	0	0	2.915195	1.349167	3.33643	3.032372	6.69461	6.49482
GH17	42.41774	9.94418	18.09281	47.9543	43.26881	20.285329	17.029689	33.717737	33.130174	10.99873	12.024366	20.387718	3.999524	3.90974	2.305367
GH171	238.221719	148.402933	168.873229	196.873155	181.962895	123.728208	143.44681	144.218516	172.321022	189.153556	211.191083	205.646513	122.420416	95.331495	110.310758
GH172	0	0	0.014965	0	0	0	0.069017	0	0	0.105309	0.551953	1.3412	2.7169	3.4657	6.41407
GH179	0	0	0	0	0	0	0	0	0	0.230922	0.199038	9.98661	0.053105	0.172314	0.194845
GH18	106.681256	136.181467	135.259982	108.702559	111.140056	98.052009	133.897445	101.595154	135.1715	86.999377	113.107891	82.03332	115.629048	121.13015	105.443641
GH183	0	0.182698	0.166309	5.56076	1.04773	0.241794	1.60148	3.35766	10.1423	0	0	0	0	0	0
GH184	0	0	0	0	0	0	0.069327	0	0	0.213433	1.03181	1.37662	5.5901	6.64766	12.5968
GH19	0	0.003006	0	0.048755	0	0.322186	0.083055	1.119538	0.588738	3.915342	1.082609	10.99121	0.919246	0.363686	0.698042
GH19_2	0	0	0	0	0	0	0	0	0	0.091124	0.140291	0	2.11998	0.862013	6.50017
GH2	242.84823	65.755933	124.107683	303.575027	278.670932	152.41158	150.999405	237.095911	259.86501	203.746028	276.828974	293.094598	101.570137	111.950047	168.570167
GH20	48.2825	11.44985	20.244421	53.413489	48.81312	25.163237	21.476081	36.505016	41.273938	37.594315	83.428693	49.332314	26.362217	17.106974	61.266159
GH23	627.546308	534.495465	548.562467	954.32654	838.573522	927.13803	1239.129662	1318.40917	1106.397532	1017.273419	638.322615	642.016618	592.422852	532.318758	570.90764
GH24	0	0	0	0	0	0	0	0	0	14.028	12.51046	6.06517	9.8318	15.43108	18.45608
GH25	43.763812	11.366143	19.608622	67.01831	51.4801	27.4089	40.267881	134.679544	99.878458	71.747695	65.680507	62.49629	126.019646	99.961828	95.024158
GH26	23.340307	2.372392	2.884604	29.778793	16.129582	17.382155	20.103081	60.594712	36.22246	17.898632	8.902202	29.465614	6.367099	8.396805	20.117966
GH28	0	0.016722	0.034167	0.025239	0.029086	0.027101	0.117957	0	0.158381	32.08091	55.063798	38.83027	6.570613	8.906496	12.295781
GH29	123.818466	32.26189	59.62497	150.926	140.89188	72.63885	61.370983	112.687033	113.627288	74.984218	96.19643	113.138832	58.876135	67.269827	122.994072
GH3	215.316994	52.16708	98.903018	274.813169	222.24078	125.651089	109.061286	167.65233	182.649531	113.728304	206.82577	235.073842	59.298468	47.755616	82.747424
GH30	47.8995	12.016	22.1928	55.4279	54.0432	25.2101	25.1872	44.6154	43.2416	13.2337	15.7487	27.6774	1.04782	1.47837	1.56353
GH30_1	12.4789	1.479405	2.097809	7.31197	1.818044	0.956629	0.604454	0.680477	1.304555	3.862168	3.483124	11.252849	22.45787	23.424324	11.885715
GH30_3	0	0	0	0	0	0	0	0	0	0.103064	0.108104	8.02542	0	0.051194	0.188922
GH30_8	10.4248	1.29678	2.29017	7.7026	1.97724	1.05953	0.283691	0.301482	0.219589	1.917941	0.449659	9.229929	2.359031	0.999675	0.521479
GH31	42.4661	10.987402	21.051631	51.695736	50.513775	28.673631	27.257595	45.871351	45.198061	45.792283	87.258203	88.441204	76.523348	99.114432	87.839275
GH31_1	0	0	0	0.496635	0.77854	1.427886	0.204077	0	0	0	0.82291	0.477593	0	0	0
GH32	12.3051	2.05289	2.65258	8.05232	1.89425	1.1987	0.228597	0.731324	0.11825	1.145281	0.313358	0.789559	5.130118	2.231888	7.451175
GH33	164.802487	52.029368	99.436778	270.800374	234.577767	137.960177	118.499647	179.507392	218.88494	131.108924	136.476894	137.908884	69.382889	100.142416	131.161301
GH34	0.098781	0	0.037866	7.11423	12.6291	6.93105	1.37569	0	0.326123	1.56177	4.04172	11.4689	0	0.035451	0.079324
GH35	164.6008	40.406151	75.553357	182.495684	163.202077	82.549798	67.030977	124.899342	128.93675	60.064492	144.960224	291.788887	115.483655	137.129447	150.865378
GH36	0	0	0	0	0	0	0.067621	0	0	3.70675	4.515781	10.9756	2.743914	4.863716	5.759011
GH37	10.4628	1.42066	2.030652	6.50921	1.74375	1.271148	0.25161	0.469801	0.284819	1.484763	16.230925	14.43744	1.74755	1.551141	1.99423
GH38	0	0	0.004275	0	0	0	0	0	0.028356	2.554169	3.446829	11.11914	15.852979	23.251835	3.695016
GH39	113.554502	131.252786	117.992533	83.59862	68.071139	44.689328	45.466038	43.338577	64.317783	27.491751	48.037696	55.625496	94.322954	111.663799	91.11954
GH43	72.2233	20.9979	41.1031	100.3952	92.389369	52.5836	44.151832	74.6601	73.0318	35.332539	38.508568	44.816522	14.631606	24.031433	26.310292
GH43_1	53.1081	12.52723	25.20815	63.8485	52.11877	27.26478	22.162753	40.703229	37.477814	11.42285	12.401759	26.650948	5.030278	3.473337	1.71875
GH43_10	0	0	0	0	0	0	0.030696	0	0	0.046792	0	8.09919	0.03217	0.092944	0.05281
GH43_11	0	0	0	0	0	0	0	0	0	13.9419	0.046764	2.78954	1.63722	0.045369	0.998057
GH43_12	11.4164	1.26497	2.0154	7.26359	1.43498	1.23666	0.028957	0.139654	0.253884	1.538745	0.203863	10.52635	1.92513	0.72302	0.581724
GH43_17	12.4456	1.7278	2.04999	7.94567	2.28154	1.3203	0.231421	0.28717	0.209112	1.64955	0.184625	0.387973	2.16318	1.24422	0.680641
GH43_18	71.178595	20.411038	38.973437	94.533294	84.895817	46.489472	63.654063	69.240939	86.656441	29.598304	54.725846	59.162325	18.838001	22.352613	45.656013
GH43_24	0	0	0	0	0	0	0	0	0	0.145175	0	0	0.067301	0.145023	0.162168
GH43_26	13.7572	2.29069	2.6573	8.17943	2.02712	1.01677	0.247345	0.244374	0.6237	12.508809	12.030297	23.858405	12.367268	15.069289	22.482852
GH43_28	0	0	0	0	0	0	0.036583	0.09087	0	3.51849	4.17848	2.89374	3.07496	4.8837	5.98228
GH43_29	66.7431	21.445914	45.163217	104.25695	94.176625	54.9007	43.387515	81.9726	77.1083	31.879051	41.139979	76.656106	59.577953	78.490809	69.458323
GH43_33	0	0	0	0	0	0	0	0	0	0	0.079313	9.87676	0	0.038139	0.107821
GH43_34	0	0	0	0	0	0	0	0	0	15.918646	17.11605	31.12077	70.41058	90.801663	82.281242
GH43_4	0	0	0	0	0	0	0	0	0	0.332892	0.100395	17.77195	0.03186	0.107783	0.323365
GH43_5	0	0	0	0	0	0	0.06047	0	0	0.18575	0.047617	11.86276	0.102276	0.134937	1.484415
GH44	0	0	0	0	0.00714	0	0.162453	0	0	0.247753	0.962572	2.29368	4.07795	5.47568	9.32245
GH47	72.9606	132.880298	108.594	7.08843	7.0854	9.28011	0.395249	1.168483	0.804485	2.145858	0.895766	0.607054	0.439137	0.401475	0.233665
GH5	1.910349	0.377922	0.969579	4.785841	4.016847	1.19978	8.167469	42.601522	22.272092	48.541994	57.468159	38.959865	69.893484	74.602302	81.518929
GH51	13.7576	1.79328	2.35137	8.85505	2.07979	1.37102	0.26178	0.241947	0.23472	2.709205	0.357734	26.36753	2.445349	1.206937	0.912718
GH53	58.7951	18.6947	35.0942	85.1093	76.5569	44.9063	31.6698	66.7257	63.4417	16.166608	32.351394	80.35806	2.370011	3.473367	4.596672
GH55	0	0	0.011934	0	0	0.017007	0.136434	0	0	3.98917	20.60478	7.42056	2.47044	5.242978	5.38544
GH5_25	0	0	0	0	0	0	0.297575	0.875734	0.319702	1.651992	0.899978	0.592884	0.525966	0.388255	0.255912
GH5_27	0	0	0.019056	0.828389	1.06299	2.2383	0.866705	0.219443	0.159913	2.101676	2.197338	4.059554	1.432858	5.511249	3.760047
GH5_29	80.575187	132.54686	105.493078	11.533342	8.50601	10.180605	6.270348	36.833358	18.732414	54.467761	23.829168	42.981608	47.826101	28.721118	28.563371
GH5_4	0	0	0	0	0	0	0	0	0	0.085892	0.067893	10.2944	0.039351	0.117267	0.072733
GH5_48	0	0	1.20184	0	0.796742	0	0	0	0	0	0	0	0	0	0
GH5_5	0	0	0	0	0	0	0	0	0	7.278948	10.540024	7.40191	4.786397	9.684183	10.679418
GH5_7	0	0	0	0	0	0	0.04227	0	0	0.38774	15.258291	17.848	0.01484	0.948755	1.947707
GH63	0	0	0	0	0	0	0.03744	0	0	5.08815	5.32035	2.85282	3.58107	5.49675	6.6708
GH65	11.187984	1.719635	2.307473	7.322153	2.602877	1.856026	1.402782	2.407638	3.076503	69.982433	47.894649	24.287888	46.172144	11.676368	23.29016
GH67	36.1322	9.26134	17.205	44.4332	43.1791	22.0949	20.2696	34.1304	36.866	9.61497	10.6749	20.716	1.23371	1.37798	1.18408
GH68	0	0	0	0	0	0	0	0	0	0	0	0.787311	0.084756	0	0.691404
GH71	0	0	0	0	0	0	0	0	0	0	0	0.849946	0.098839	0	0.697615
GH72	0	0	0	0.400987	0.500917	0.904555	0	0	0	0	0	0	0	0	0
GH73	217.626013	259.179283	232.962215	109.236297	118.607167	130.648983	170.513429	121.743148	136.271813	147.327425	145.048298	113.678047	133.123562	149.211556	129.575786
GH74	0.14589	0.051609	0.059247	1.105343	1.010884	0.232255	0.347312	0.193181	0.456028	3.39271	1.467397	6.390875	1.892679	1.565105	7.6884
GH76	0	0	0.00654	0.005592	0.00111	0	0.109337	0	0	0.343587	12.818646	31.82401	0.011842	0.761292	1.290353
GH78	97.985506	123.866478	119.920053	59.53978	50.349966	33.175767	21.526316	35.976441	37.00624	46.47539	40.229026	49.339765	34.122215	25.565182	28.802012
GH8	21.796801	1.881127	2.657499	28.091181	16.933486	19.873834	8.285811	48.72201	13.669814	22.911927	5.059133	11.307843	2.874957	10.086035	17.461131
GH88	0.12002	0.040651	0.029466	0.444493	0.364162	0.100746	0	0	0	5.79773	6.39242	4.83153	5.458261	7.942771	11.66538
GH9	44.944558	13.085682	24.793613	65.255795	69.088715	59.622236	91.413537	47.910295	73.643365	29.964785	50.416173	50.099012	15.768917	15.622657	30.029859
GH92	31.9734	8.88842	16.180964	40.539662	38.893845	21.995	16.797442	33.483584	32.964559	25.24106	58.754983	59.742359	7.526647	8.9467	12.687172
GH95	51.4123	18.7444	29.3306	70.1218	67.7731	35.9079	26.554	42.1275	56.1038	13.428248	16.541437	46.943888	4.14065	3.257964	8.164846
GH97	85.212369	20.75724	35.70042	91.46282	81.21293	42.63628	34.979464	62.626567	65.182611	33.447336	38.957665	77.215708	21.498635	24.800344	33.311144
GH99	0	0	0	0	0	0	0	0.21651	0	0.264734	0.046471	0.41782	0.060651	0.076674	0.112074
GT0	0	0	0	4.23845	2.82645	1.74062	0.676264	0	0	0	1.43959	3.50147	0	0	0
GT1	0	0	0.005403	1.424877	1.322995	2.766231	1.210865	0.725917	1.231091	26.140134	17.294552	12.756796	22.048755	5.14213	8.115083
GT105	0	0	0.004779	0	0	0	0.043592	0	0	3.71296	4.07515	1.98741	2.77629	4.86069	4.9646
GT13	0	0	0.025869	0	0.051094	0	1.033239	0.450083	1.306707	24.10165	69.521455	22.145441	2.465729	2.570882	2.249764
GT18	0	0	0	0.844886	0.852103	1.47324	0.258881	0	0	0	0.186502	1.3779	0	0	0
GT2	443.817483	481.456104	444.519571	274.419727	236.484501	154.429685	146.017188	180.163239	212.420432	421.333948	448.635017	350.821128	372.680817	333.202164	382.820868
GT22	22.670144	2.793547	4.441536	13.658381	4.053388	2.574479	16.750332	8.922858	15.775217	6.169335	8.08263	7.142951	16.882282	13.683053	35.621744
GT23	0	0	0	0.720865	0.651479	0.497767	0	0	0	0	0.919598	0.278892	0	0	0
GT26	0	0	0	0	0	0	0	0	0	0.237187	2.26104	4.35285	8.61398	9.53017	21.8839
GT28	88.038842	127.838121	109.543212	47.726317	53.361272	65.613643	80.610491	65.270172	62.484612	80.894779	74.861226	61.963611	33.68315	29.878045	31.113228
GT4	78.5315	111.841	99.536523	7.505813	8.699126	15.227658	0.768059	0	0.100174	12.522469	17.019682	12.651025	17.330418	18.874514	23.760959
GT41	0	0	0	2.264585	1.354954	2.60213	0	0.066653	0	15.45523	18.867957	17.75321	53.48559	73.92964	57.70832
GT43	11.033289	1.532031	2.580236	8.311599	2.546948	1.796157	13.636014	7.143806	16.686435	52.22517	130.894219	60.818584	70.119776	87.945248	86.127309
GT47	0.907756	0.323091	0.349398	3.116364	3.019605	3.577433	25.608978	16.13028	30.68411	43.99499	94.27325	62.965521	166.624797	223.375008	173.85349
GT5	38.6339	12.275034	22.081417	57.44196	73.28777	58.99363	96.022972	92.823118	98.612209	40.571018	45.167895	54.001735	38.85982	24.892236	23.271396
GT50	0	0	0	0.366855	0.585348	0.81538	0.207981	0	0	0	0.277474	0.09833	0	0	0
GT51	306.18579	167.69365	205.227038	284.652184	224.386185	163.105122	118.23047	187.859453	215.408155	132.306159	137.820396	151.84759	46.932243	37.51245	46.162513
GT57	0	0	0	0	0.282091	0.408986	0	0	0	0	0	0.82006	0	0	0
GT58	0	0.097757	0	0.502268	0.2318	0.812842	0	0	0	0	0.098242	0.179606	0	0	0
GT66	242.897283	242.334529	227.537147	221.375748	179.991368	160.422527	181.220635	225.602492	166.22411	169.516075	107.951963	126.587115	194.461353	178.51976	142.605922
GT69	0	0	0	0	0.029183	0	0	0	0	27.8432	1.177377	4.30483	24.10356	5.013491	13.7624
GT8	12.0324	1.8322	2.33601	7.41732	2.17711	1.40093	0.045915	0.454336	0	1.82676	0.437632	0.131544	2.26032	0.698763	0.613027
GT83	1.48552	0.142343	0.880457	3.713999	2.303605	0.820053	5.236936	36.332164	16.903515	19.891559	17.703555	6.97863	37.369002	27.129767	28.157248
GT92	0	0	0.037866	0.102363	0	0	0	0	0	0.141979	0.070907	0.128864	0.032897	0	0.039662
PL0	59.6697	15.72285	30.507077	78.041694	75.81194	38.2709	34.937218	58.894618	61.761	32.78702	49.005963	107.758655	38.625184	49.367268	46.401947
PL1	0.038376	0.010508	0.07204	0.370454	0.302042	0.061643	0.58574	0.812755	0.184624	5.262324	9.388007	24.19514	51.609516	60.895975	109.061181
PL10_1	17.8835	4.15559	3.07994	8.73544	2.2123	1.66557	0.829218	0	0.904268	5.825274	5.968386	6.76255	22.70517	24.37127	42.212458
PL10_3	0	0	0	0	0	0	0	0	0	2.36059	3.9945	2.06955	2.94669	4.66385	5.60237
PL14	0	0.011178	0	0	0	0	0	0.073991	0	0.271551	0.524013	1.32793	4.02362	4.87651	8.33999
PL17_2	0	0	0	0	0	0	0.040939	0.102416	0	0.871454	1.138768	0.088648	2.026609	1.060589	5.742612
PL1_1	0.074829	0.02543	0.036644	0.076566	0.014825	0.021017	0.431865	1.208218	1.321932	5.609633	1.395946	3.749987	1.026364	0.434291	1.207
PL1_12	0	0	0.007684	0	0	0	0	0	0	0.378902	0.765374	1.73508	4.76747	5.45886	10.0568
PL1_2	45.335488	13.774177	22.28033	57.883863	53.279046	30.443014	24.95972	47.609094	45.582132	32.615645	77.331834	45.90817	10.066182	15.070256	21.51804
PL1_5	0.108575	0.049188	0.056746	0.018511	0.064577	0.325072	0	0	0	0	0	0	0	0	0
PL21	0	0	0	0	0	0	0.016211	0	0	4.01346	4.16861	1.83452	2.74667	4.43258	5.89112
PL26	11.0863	1.49059	2.000473	7.16594	1.76399	0.900722	0.133171	0.375943	0.245293	1.313632	0.892116	1.911474	7.41863	6.443532	14.286223
PL42	0	0	0	0	0	0	0.121582	0	0	0.495456	0.161471	8.9028	0.014218	0.076954	0.087232
PL6_1	0	0	0	0	0	0	0.020275	0	0	1.532037	0.978362	0.082877	2.019346	1.108368	5.529702
PL7	0	0	0	0	0	0	0	0	0	0	14.9073	5.49781	0.009772	0.698933	1.26444
PL8	0	0	0.009217	0	0	0	0.080637	0	0.011674	0.953166	0.437577	32.127866	4.252413	1.986342	11.5983
PL9	0	0	0.019248	0	0	0	0	0	0	0.550854	1.071779	9.95685	4.465448	5.218585	9.593512
PL9_1	13.7849	2.71354	2.68939	9.11636	2.23714	1.35289	0	0.674017	0	1.553548	1.538726	10.639591	9.450366	7.256498	16.491828
PL9_2	0	0	0	0	0	0	0	0	0	0.331734	0.082536	8.41713	0.010108	0.07128	0.118868
PL9_4	0	0	0	0	0	0	0	0	0	0.269657	0.922615	2.04209	3.96452	4.71967	9.00504
