ID	coculture_1_0d	coculture_2_0d	coculture_3_0d	coculture_1_9d	coculture_2_9d	coculture_3_9d	coculture_1_70d	coculture_2_70d	coculture_3_70d	coculture_1_450d	coculture_2_450d	coculture_3_450d	coculture_1_720d	coculture_2_720d	coculture_3_720d
Abyssibacter	0	0	0.014848	0	0	0	0.513468	0.595818	0.619456	0.104456	0.109522	0.049281	0	0	0
Acidithiobacillus	0	0	0	0.02781	0	1.014752	0	0.915762	0.088762	1.623232	0.256458	1.690623	0	0.018771	0
Acidobacteriota	0	0	0	0	0	0	0	0	0	0	0	0.6309	0.060454	0	0.74016
Aegicerativicinus	10.4248	1.29678	2.29017	7.7026	1.97724	1.05953	0.283691	0.301482	0.219589	1.79603	0.290648	0.349129	2.28907	0.954233	0.401267
Aestuariivita	16.024242	67.27834	103.21489	308.7594	656.2629	842.3117	1602.6046	426.1485	990.0037	341.7488	365.4383	67.6911	1.749798	0.452191	0.930285
Afifella	0	0	0	0	0	0	0	0	0	1.25932	0	1.65243	0.615861	0.663737	1.0556
Agaribacillus	0	0	0	0	0	0	0.04853	0	0	0.297244	0.153946	10.2079	0	0.129365	0.104532
Ahrensia	1.48552	0.142343	0.874576	3.68046	2.2908	0.452324	4.85783	35.3047	16.3444	15.7796	15.5674	3.39955	30.4449	19.1135	16.0872
Algoriphagus	1929.9479	550.23025	1035.8701	2525.4541	2447.0637	1289.2198	1109.7978	1939.5823	2035.5002	515.034486	622.270551	1046.1749	74.720256	83.641121	69.508641
Alkalicaulis	0	0	0	0	0	0	0	0	0	3.88372	1.19913	1.0379	0.117861	0.127296	0.659395
Allomuricauda	41.822513	5.503918	7.867716	21.946423	6.679148	4.258835	0.603718	1.000888	0.814047	3.191765	1.05396	1.565337	35.351187	14.630893	70.626867
Aporhodopirellula	0	0	0.001962	0	0	0	0.026397	0	0	0.25752	0.062166	8.11427	0.008101	0.078075	0.101927
Aquamicrobium	0.064342	0	0	0	0	0.023718	0.381982	2.047199	1.506075	0.346961	0.437872	0.65373	1.13561	5.8314	12.29759
Aquibium	0.046626	0	0	0	0	0	0	0	0	29.744639	0.116792	0.191127	140.481278	7.672177	0.412192
Aquicoccus	0	0	0	0	0	0	0.04118	0	0	1.95115	0.721636	22.166	0.60694	1.2201	1.50692
Arenibacter	0	0	0	0	0	0	0.119397	0	0	0.522874	0.169768	26.3411	0.009397	0.290237	0.374526
Bremerella	0	0	0.101279	0	0.145041	0.121583	1.127722	1.471109	0.257485	503.60723	550.3197	283.36949	386.8213	644.56842	766.92091
Brevirhabdus	0	0	0	0	0	0	0	0	0	0.074598	0	0	0.445913	0.074209	0
CandidatusKapaibacterium	0.374012	0.078964	0.17264	3.32268	2.813501	0.669498	0	0.03901	0.056642	10.792468	4.820224	19.67007	6.191794	5.349984	24.83981
Carboxylicivirga	0	0	0	0	0	0	0.033513	0	0	0.102246	0.053635	8.92842	0.011722	0.012697	0.158596
Carideicomes	0	0	0	0	0	0	0	0	0	2.30185	0.832974	1.56749	0.288499	0.190767	0.569369
Chelativorans	0	0	0	0	0	0	0	0	0	0.177235	0	0	0.938711	0.066172	0
Christiangramia	0	0	0	0	0	0.011374	0	0	0	0	14.3065	4.88091	0.019078	0.503499	1.14005
Chryseosolibacter	0	0	0	0	0	0	0	0	0	0.165633	0.057793	12.6426	0	0.109721	0.046692
Cognatiyoonia	0	0	0	0	0	0	0	0	0	13.7716	0	3.71823	2.06916	0.089679	1.49083
Defluviimonas	0	0	0	0	0	0	0	0	0	2.97039	1.03488	27.9612	0.757666	1.63231	1.82431
Devosia	0	0	0	0	0	0	0	0	0	5.14391	0	7.10546	4.1228	4.7153	5.41281
Dinoroseobacter	61.01124	59.97064	121.56436	575.8165	354.2702	344.7767	323.9471	77.83207	85.12938	7.479873	8.82039	2.277609	0	0.473688	0.471954
Draconibacterium	0	0	0	0	0	0	0	0	0	0	0.176806	8.48992	0.012925	0.055983	0.01588
Eilatimonas	0	0	0	0	0	0	0	0	0	5.99388	1.06132	2.37617	0.469931	0.245463	1.27019
Ekhidna	0	0	0	0	0	0	0	0	0	0.318026	0.041061	8.59885	0	0.039558	0.134135
Erythrobacter/Porphyrobactergroup	0.043922	0	0.025869	0.221325	0	0	8.513144	12.242527	16.48377	5.039576	12.825906	25.824531	7.293573	3.030646	2.500219
Flagellatimonas	0	0	0	0	0	0	0.479228	0	0.430192	0.091991	0.141559	0	0	0	0
Flagellimonas	614.09059	87.75524	124.11776	392.88855	101.20257	67.786012	10.328776	22.748339	12.313241	72.915648	19.073793	13.133513	241.53397	106.210627	334.349021
Flaviramulus	13.7572	2.29069	2.6573	8.17943	2.02712	1.01677	0.247345	0.244374	0.6237	0.757672	0.352885	0.141514	2.66553	0.866847	0.916449
Fontisubflavum	0.863533	3.36462	5.47942	15.6477	32.7646	43.1853	78.2353	26.4436	47.6134	16.6661	18.8931	2.87337	0.174117	0	0.053584
Frigidibacter	0	0	0	0	0	0	0	0	0	2.86509	0.038065	5.42533	4.18813	6.43073	3.16249
Fulvivirga	0	0	0	0	0	0	0.024235	0	0	0.587275	0.18888	30.67057	0.033772	0.381517	0.159832
Glycocaulis	0	0	0	0.127506	0.05976	0.028184	0.322622	0	0.714386	94.67547	237.066794	48.45171	8.117232	5.272475	6.737945
Haliea	0	0	0	0	0	0	0	0	0	0.993347	0	0	0.734987	0.546748	0.718549
Halomonas	0	0	0	0.02612	0.132535	0.085997	0.11001	0	0	640.4374	27.20996	98.66062	539.958	105.45953	175.90576
Henriciella	0.185221	0	0.129449	0	0.009306	0	10.553163	21.219519	6.499536	45.152967	20.703143	10.575675	11.542877	8.634452	6.194208
Hydrogenophaga	0	0	0	0	0	0	0	0	0	2.29844	0.745006	22.9126	0.59429	1.12519	1.15212
Hyphobacterium	0.310248	0.274965	0.476559	0.883767	0.060983	0.031799	0	0	0	11.329105	0.289332	0.062681	1.307384	1.408018	6.883046
Hyphomonas	0	0	0	0	0	0	0	0	0	6.94804	1.864527	3.50343	0.637799	0.521374	1.564763
Ignavibacteriota	0.43087	0.115692	0.257843	4.03241	3.054305	0.952141	0	0	0.080294	12.633907	5.213467	20.44868	7.222694	5.494662	26.12429
Ilumatobacter	0	0	0	0	0	0	0	0.202884	0	0.500264	0.195581	0.293687	0.086141	0.155408	0.088073
Indioceanicola	0	0	0	0	0	0	0	0	0	5.59352	0.837688	2.26888	9.195297	0.489879	0.821562
Labrenzia	3.69513	0.407963	2.00982	6.15282	3.70899	0.676318	6.66732	43.6124	23.0262	18.5394	24.1515	4.93555	49.5032	29.3591	25.8585
Limnobacter	0.153284	0.034947	0.029879	0	0	0	0	0	0	0.071035	0	0.398848	0	0.035325	0.079966
Litoreibacter	3.07575	3.71089	5.36241	28.3796	17.23	12.3452	13.1772	3.45612	4.85529	0.636051	0.615908	0.148256	0	0.079115	0.044712
Mameliella	0	0	0	0	0	0	0	0	0	0.867436	0	0.36772	0.145111	0.098084	0.110875
Maribacter	10.794	1.13247	2.11991	7.18775	1.93398	1.16439	0.293503	0.091127	0.132682	1.12022	0.146511	0.158286	1.51627	0.862697	0.505222
Maricaulis	0	0	0	0	0	0	0	0	0	3.32681	1.15629	1.0633	0.347655	0.085041	0.717639
Marinibacterium	0	0	0	0	0	0	0	0	0	2.13981	0.103073	1.32035	0.24998	0.107319	0.178151
Marinicauda	0	0	0	0	0	0	0	0	0	22.52914	3.906663	8.09681	1.508185	1.246367	4.336624
Marinilabilia	0	0	0	0	0	0	0.031607	0	0	0.144576	0.050642	8.70074	0.022092	0.119665	0.122358
Marinobacter	1385.771407	2187.396952	1811.082851	118.67904	109.287689	159.363611	1.25283	1.65713	1.373253	0.076669	0.04594	0.159702	0.015855	0.059564	0
Marinoscillum	0	0.022037	0.047396	0	0.009645	0.0243	1.202111	0	0.069912	8.717832	3.194741	431.02854	0.715044	4.314457	4.903074
Maritimibacter	0	0	0	0	0	0	0	0	0	7.307706	0.711284	2.827482	0.669247	1.197248	0.592324
Marivirga	0	0	0.407735	0.106001	0.072101	0	0	0	0	0	540.2	224.58557	0.605182	27.27169	46.970925
Marivita	141.5791	14.73564	16.127	159.9835	101.2719	105.4839	37.97461	320.9587	91.3405	126.617651	22.112376	41.3781	5.854498	9.327563	15.308867
Martelella	0	0	0	0	0	0	0	0	0	2.91523	1.18663	24.9469	0.54957	1.49436	1.76443
Melioribacter	0	0	0	0	0	0	0	0	0	0	0	9.27639	0.015465	0.117153	0.075818
Mesorhizobium	1.164243	0	0.026228	0	0.010292	0	3.71577	14.629117	7.742366	3.334758	3.59073	2.190565	19.271954	48.518923	89.914788
Methyloceanibacter	0	0	0	0	0	0	0	0	0	0	0.334971	0	0.065336	0.503526	1.055391
Methyloversatilis	0.132841	0.022875	0.012876	0.034184	0	0.113612	0	0	0.109053	0.186646	0.191341	0.086489	0	0	0
Nitratireductor	0.103478	0	0.078585	0	0.030447	0.023577	0.527138	1.57472	0.772599	24.202364	33.653375	39.204159	39.215481	151.050076	76.848047
Nitrospirota	0	0	0	0	0	0	0	0	0	0	0	0.53157	0.136658	0.027776	1.07484
Notoacmeibacter	2.63198	0.332258	1.59053	6.17236	3.51368	0.980167	11.1766	64.9739	24.5311	21.4349	25.9048	5.49581	57.13	32.9285	29.6967
Oceanibaculum	0	0	0	0	0	0	0	0	0	70.52077	0.976931	0.738936	8.983075	0.213422	0.110068
Oceanicaulis	0	0	0	0	0	0	0	0	0	23.64876	5.762374	12.16632	2.075866	1.391687	5.000585
Oceaniradius	11.7767	1.467508	4.959716	23.2862	14.25937	3.224267	33.92801	210.8063	99.2625	81.237	102.9078	19.99399	197.9296	120.479	102.8314
Oricola	1.35043	0.242229	0.771513	3.24339	2.37804	0.400377	5.58828	33.9439	18.2662	40.2475	17.544908	11.303	35.82974	18.183667	19.2575
Other_Acidimicrobiales	0	0	0	0	0	0	0	0	0	0	0	4.11493	0.472293	0.01934	4.764782
Other_Acidithiobacillaceae	0	0	0	0.681633	0	4.895608	0.604553	2.141641	2.137988	6.824542	0.778642	7.295864	0.171466	0.095298	0.022633
Other_Actinomycetota	0.051645	0	0.008558	0	0	0.158178	4.801426	6.355243	11.972361	0.312581	0.102399	3.600125	4.450934	0.843112	5.01338
Other_Alphaproteobacteria	0.013951	0.004691	0.011024	0.1167	0	0	0.050847	0	0	48.772605	11.074513	21.27042	5.09832	3.41743	10.260514
Other_bacteria	3.437151	1.338337	2.77211	7.030697	6.535814	7.203967	203.153042	103.98726	207.9837	18.857695	57.810535	32.777826	14.117171	4.746007	142.000426
Other_Bacteroidales	10.7876	1.59935	2.00338	7.14434	1.97113	1.04771	0.220408	0.60984	0.310278	1.358921	0.267805	15.370058	2.23888	1.146187	0.591378
Other_Bacteroidota	0.068237	0	0.065653	0.806235	0.612967	0.350247	0.675742	0.707277	0.522198	2.987467	75.028517	45.15438	1.631633	4.946015	11.013457
Other_Burkholderiaceae	0.236967	0	0.088916	0.638236	0.043236	0.444051	1.17266	0	0	1.49261	0.170002	0.627573	0	0	0
Other_CandidatusSaccharimonadales	0	0	0	0	0	0	0	0	0	0	0	0.679209	0.110533	0	0.59362
Other_Comamonadaceae	0	0	0	0	0	0	0	0	0	3.21879	1.6855	31.0271	1.25948	1.88359	2.94517
Other_Cyclobacteriaceae	565.6851	166.73399	303.674343	726.7651	670.6877	396.7647	313.037192	533.078	606.6772	166.387635	184.190003	343.64133	23.921475	27.534382	20.453819
Other_Cytophagales	13.4222	1.94982	2.30098	7.80191	2.34305	1.16155	0.166691	0.248787	0.362078	1.61826	12.583685	21.00641	2.51688	1.89558	1.791837
Other_Devosiaceae	0	0	0	0	0	0	0	0	0	16.0613	0.053498	3.9954	2.40828	0.037989	1.19354
Other_Erythrobacteraceae	0	0	0	0.031943	0.02427	0	0.226854	0.837832	1.12113	0	28.162997	61.18896	0.450033	6.017417	3.249654
Other_Euzebyales	0	0	0	0	0	0	0.249219	2.609085	0	0.840151	0.66562	0.372751	0.50742	0.242822	0.296606
Other_Flammeovirgaceae	0.039466	0	0.035729	0	0	0	0.688793	0	0	8.446946	2.606054	362.76513	0.349216	2.947165	3.985068
Other_Flavobacteriaceae	25.2857	3.35736	5.54618	16.61883	4.24089	2.730326	0.762354	0.263766	0.375075	3.372848	0.800969	20.922989	9.966939	4.220666	13.878393
Other_Flavobacteriales	32.114317	3.826161	4.442556	14.229893	4.399742	2.550666	0.418928	0	0	2.92936	1.332918	2.649563	21.461441	10.146745	48.30243
Other_Flavobacteriia	16.0299	2.08651	2.68457	8.20339	2.33228	1.10853	0.305081	0.125515	0.183085	2.02552	0.483221	0.218055	2.5443	1.12395	0.635362
Other_Gammaproteobacteria	0	0	0	0	0	0	0	0	0	24.8004	0.785058	4.99019	20.5469	3.87224	7.24259
Other_Hymenobacteraceae	0	0	0.009592	0	0	0	0	0	0	0	17.6324	6.01313	0	1.01841	1.32621
Other_Hyphomicrobiales	0	0	0.010626	0	0.023877	0	0.093047	0	0	277.5682	1.099731	70.40845	42.31908	1.247033	26.88887
Other_Hyphomonadaceae	0	0	0	0	0	0	0	0	0	7.96077	1.768341	2.77857	0.71685	0.530229	1.714331
Other_Ignavibacteriaceae	0.025716	0.008693	0.025293	0.406876	0.312884	0.057439	0	0	0	1.2299	0.576545	2.00454	0.76402	0.479538	2.91852
Other_Kiloniellaceae	0	0	0	0	0	0	0	0	0	0.167838	0.66161	0	0.234023	3.27364	0
Other_Maricaulaceae	0	0	0	0.024216	0	0	0	0	0	18.90277	5.035508	10.78522	1.859106	1.250474	4.332932
Other_Marinobacteraceae	1015.5099	1630.506	1351.3196	90.27008	84.38803	120.72141	1.247484	2.302401	0.96285	0	0	0	0	0	0
Other_Myxococcales	0	0	0	0	0	0	1.279248	0.73598	0.089441	6.761581	10.78905	27.71758	69.61012	84.5799	147.6933
Other_Myxococcota	0	0	0.014899	0	0.085654	0.0243	0.918424	0.397107	0.108672	7.631627	9.232326	23.509557	49.135259	58.343008	102.040453
Other_Nevskiaceae	0	0.012356	0.028511	0	0	0	0.426718	0	0.534833	0.100128	0.262775	0.141852	0	0	0
Other_Oceanibaculaceae	0	0	0	0	0	0	0	0	0	5.33235	0.134853	0	0.644068	0.021757	0
Other_Paracoccaceae	0.822834	4.248238	5.057973	185.64116	34.200472	13.043514	50.980528	108.71938	428.81423	0.634354	0.885063	1.76613	1.548418	6.64099	9.515253
Other_Paraliomyxa	0	0	0	0	0	0	0	0	0	4.13696	0.598542	2.00117	0.212256	0.162257	0.966809
Other_Parvibaculaceae	0	0	0	0	0	0	0	0	0	1.27	1.73519	0	0.642746	1.16759	0.41127
Other_Phycisphaeraceae	0	0	0	0	0.004603	0	0	0	0	18.56095	18.41942	16.044176	93.585401	116.5427	58.080294
Other_Phycisphaerales	0.323401	0	0.010357	0.33995	0.299929	0	0	0	0	62.330574	78.847119	88.496656	298.95948	399.29651	293.4817
Other_Phyllobacteriaceae	10.04209	1.59554	5.100482	24.84273	13.57937	4.037348	35.27555	199.8943	103.0002	78.7805	96.6675	19.33228	197.712	116.1499	100.9308
Other_Planctomycetota	0.085826	0.16424	0.255351	0.177398	0.529426	0.582171	16.0795	7.91855	16.1161	464.42179	558.31386	615.67077	2135.97444	2887.942123	2194.80547
Other_Prolixibacteraceae	0	0	0	0	0	0	0.019865	0	0	0.284262	0.188243	14.70125	0.013815	0.148576	0.316958
Other_proteobacteria	0	0	0	0	0	0	0	0	0	41.122286	4.19728	14.966702	5.424328	3.796701	4.546205
Other_Rhizobiaceae	0	0	0.00996	0	0	0	0.09283	0.114796	0.251033	0.071035	0.110567	1.508668	0.542648	2.01352	5.42237
Other_Rhodobacterales	0	0	0	0	0	0	0	0	0	0.161047	0.442475	5.32249	3.03224	12.95206	18.13461
Other_Rhodobiaceae	0	0	0	0	0	0	0	0	0	1.25222	1.614293	0.21981	1.713375	2.043416	0.864153
Other_Rickettsiales	0	0	0	0	0	0	0.595443	0	0	4.061582	1.438084	183.98324	0.203779	1.366492	2.136569
Other_Roseobacteraceae	362.25404	61.81284	86.53801	648.046	392.3592	430.6558	227.762876	913.62602	243.322908	345.825451	62.835104	114.380771	19.433704	20.327791	16.439013
Other_Sandaracinaceae	0	0.029757	0.035791	0	0.036302	0	0.997525	0.803761	0.077312	4.914296	21.177144	46.85491	104.70769	130.19638	224.57074
Other_Sphingobacteriales	0	0	0	0	0	0	0.032491	0	0	0.148652	0.130077	8.5662	0.011359	0.04922	0.08386
Other_Sphingomonadaceae	0.048676	0	0	0.064778	0.009582	0	1.458824	1.824856	4.89935	0	0	0.135359	1.58461	0.230905	0.072766
Other_Sphingomonadales	0	0	0.031757	0	0	0	0.811386	0.382486	2.26318	0	0	0	0.719738	0.192652	0
Other_Sterolibacteriaceae	0.593343	0.271916	0.113117	0.356916	0.066717	0.137859	0.220811	0.27794	0.494838	2.76953	0.755419	1.164028	0	0.040054	0
Other_Tenuifilaceae	0	0	0	0	0	0	0.024608	0	0	0.299638	0.079191	10.0316	0.034297	0.102239	0.137518
Other_Woeseiaceae	0	0	0	0	0	0	0	0	0	22.9149	1.32406	3.78224	21.9523	4.01701	7.25769
Paracoccus	0	0	0	0	0	0	0	0	0	1.048979	0.603619	4.777473	2.330747	10.989647	18.344615
Parvibaculum	0	0	0.035511	0	0.017028	0	0	0	0.222337	24.520969	13.382612	2.762338	11.760044	13.184851	7.330148
Pedobacter	0	0	0	0	0	0	0	0	0	0.144728	0	9.74583	0.016633	0.053983	0.101814
Pelagibacterium	0	0	0	0	0	0	0.178415	0	0	16.675157	0.367174	19.353569	10.689623	12.998746	11.737904
Phycisphaera	0	0	0	0	0	0	0	0	0	11.87898	14.46233	3.492341	94.7	99.5198	12.18732
Pigmentiphaga	0	0	0	0	0	0	0	0	0	0.864518	0.080041	0.81623	0.349793	0.820921	0.631065
Polycyclovorans	0	0	0.00482	0	0	0	0.351736	0.164877	0.1198	0.100314	0.070857	0.095445	0	0	0.047239
Ponticaulis	0.430557	1.96488	4.8746	10.8397	32.495602	37.0627	79.3749	16.2458	45.021046	34.8746	49.0217	14.47088	1.553663	0.466854	0.694903
Prolixibacter	0	0	0	0	0	0	0	0	0	0.085892	0.067893	10.2944	0.039351	0.117267	0.072733
Pseudaminobacter	0	0	0	0	0	0	0.163606	0.537613	1.37301	0.083634	0.08619	0.077836	0.789169	2.22675	4.91279
Pseudosulfitobacter	0	0	0	0	0	0	0	0	0	2.16383	0.088292	0.161076	0	0.090252	0.200727
Qipengyuania	0.111663	0	0	0.019042	0.007375	0	0.672024	1.17003	1.58125	0.051259	0	0	0.54064	0.089112	0
Reichenbachiella	0	0	0	0	0	0	0	0	0	0.477213	0.255585	24.43759	0.00905	0.160618	0.337672
Rhodocaloribacter	0	0	0	1.27181	0.584331	0	0	0	0	1.39885	0.836243	4.63569	0.560817	0.831799	3.75497
Robiginitomaculum	0	0	0	0.01828	0	0	0	0	0	4.67139	0.877961	2.32302	0.405793	0.305268	0.915459
Roseibacterium	0	0	0	0	0	0	0	0	0	0.6126	2.133552	10.25494	8.76165	31.06008	45.38258
Roseibium	0	0	0	0	0	0	0	0	0	1.509458	0.293602	2.91741	1.43524	6.62632	11.241723
Roseicyclus	0	0	0	0	0.011159	0.026668	0.316665	0	0	3.049431	5.032223	34.98442	27.53671	117.66117	172.77027
Roseihalotalea	0	0	0	0	0	0	0.028957	0	0	0.088245	0.046471	10.4455	0	0.087627	0.112074
Roseinatronobacter	0	0	0	0	0	0	0	0	0	14.5573	0	3.48155	2.50976	0.022793	1.31127
Roseitalea	21.33536	3.382848	8.1701	43.33818	21.53147	6.232395	60.96242	339.5682	177.5475	143.3953	172.1447	35.82408	343.5954	203.6547	174.824
Roseivivax	0	0	0	0	0	0	0	0	0	1.18816	0	0	8.78204	0.55647	0
Roseobacter	1.1249	2.87929	4.66322	13.638	29.7156	33.9806	67.034448	16.0084	39.7561	15.41263	15.91399	2.09102	0.323354	0.289084	0.15128
Roseovarius	38.8568	4.78448	4.65072	43.7971	27.2409	35.6777	11.544401	100.18	32.8127	177.21303	12.590031	207.98138	143.62564	213.7993	137.973866
Sagittula	0	0	0	0	0	0	0	0	0	1.212246	0.259956	1.219855	0.161889	0.192316	0.140475
Salegentibacter	0	0	0	0	0	0	0	0	0	0.254941	0.160493	8.03893	0.023381	0	0.12942
Salipiger	0	0	0	0	0	0	0	0	0	5.48377	0.460924	5.89122	4.0529	5.96561	3.41791
Segetibacter	0	0	0	0	0	0	0	0	0	0.066858	0	9.65287	0	0.09972	0.094122
Sinorhizobium/Ensifergroup	0	0	0	0	0	0	0	0	0	3.89137	0.521128	29.2472	1.18016	1.00946	1.79643
Sphingomonas	0.136035	0.096782	0.025756	0.994801	0.79143	0.321867	0	0	0	2.81103	1.36261	2.66859	1.40529	1.25781	7.02857
Stappia	0	0	0	0	0	0	0.045425	0	0	22.313692	84.37029	68.11824	10.614204	20.726495	10.440795
Sulfitobacter	0	0	0	0	0	0	0	0	0	1.19356	0.154516	0.906107	0.137204	0.129866	0.041973
Thauera	0.240287	0.05552	0.107658	0.299265	0.061283	0.23613	0.156465	2.21756	0.131805	0	0.520029	0.637387	0	0	0
Tistrella	0	0	0.023821	0	0.010591	0	0.049089	0	0	36.6437	14.271161	344.6632	11.16661	19.55141	24.87813
Tranquillimonas	0	0	0	0	0	0	0	0	0	0	0.15563	2.25313	1.61783	6.45777	10.5525
Wenzhouxiangella	0	0	0	0	0.014256	0.001778	0	0	0	103.2305	3.489728	15.96103	86.7111	15.43689	28.7438
Winogradskyella	13.7576	1.79328	2.35137	8.85505	2.07979	1.37102	0.129633	0.241947	0.23472	1.981042	0.291511	11.7388	2.414662	1.127242	0.501881
Xanthovirga	0	0	0.007348	0.019192	0	0	0	0	0	0	18.8589	8.19267	0	0.821292	1.61739
