ID	coculture_1_0d	coculture_2_0d	coculture_3_0d	coculture_1_9d	coculture_2_9d	coculture_3_9d	coculture_1_70d	coculture_2_70d	coculture_3_70d	coculture_1_450d	coculture_2_450d	coculture_3_450d	coculture_1_720d	coculture_2_720d	coculture_3_720d
Acidithiobacillus	0	0	0	0.085778	0	0.5153	0	0.094049	0.068479	0.926555	0.090708	1.004037	0	0.014374	0
Actimicrobium	0	0	0	0	0.024666	0	0.123575	0.887173	0.870592	0.38568	0.469192	0	1.57313	3.71879	8.631
Aequorivita	0	0	0	0.03593	0	0	0.285166	0.157749	0.401684	0	0	0.228325	0	0	0
Aestuariivita	29.244546	112.33779	181.36957	515.305	1121.2644	1469.6228	2681.7302	682.4776	1649.8341	630.8389	604.3865	95.25737	2.707588	0.290054	1.60855
Alcanivorax	0	0.019742	0.05155	0	0.005803	0	0.576923	0	0.237866	0.03993	0.105385	0.113648	0	0	0.011275
Algoriphagus	1652.5221	480.56843	909.5357	2196.4239	2128.7506	1124.8409	966.1325	1711.192	1766.7375	438.42237	535.85562	896.0427	63.128858	77.58231	58.313157
Aliiroseovarius	0	0	0	0	0	0	0	0	0	1.50254	0.223726	0	0	0.3837	0.139366
Alkalicaulis	0	0	0	0	0	0	0	0	0	11.09384	2.878889	4.5858	0.656048	0.581288	2.235767
Allomuricauda	84.149713	11.09189	16.086985	46.085305	14.603102	7.633375	1.841133	3.903644	2.084243	11.924443	3.401638	1.941809	38.743493	16.086233	68.936049
Alteromonas/Salinimonasgroup	0	0	0	0	0	0	0	0	0	0.242889	0.110215	0	0.158818	0.111918	0.088224
Aminobacter	0	0	0	0	0	0	0.093047	0.676598	1.65368	0	0.287536	0.784005	0.634521	3.05859	6.27812
Anianabacter	0	0	0	0	0	0	0	0	0	0.392995	0.272698	1.59753	1.27865	5.56802	8.09705
Aquamicrobium	0	0	0	0	0	0	0	0.361448	0.800978	0	0.685671	0	0.787718	2.5927	5.9852
Aquibium	0.046626	0	0	0	0.037243	0	0	0	0	39.069009	0.071772	0.124112	192.037838	10.232301	0.451918
Aquicoccus	0	0	0	0	0	0	0.04118	0	0	1.95115	0.721636	22.166	0.60694	1.2201	1.50692
Archangiaceae	0	0	0	0	0	0	0.346636	1.3581	2.10982	0	0	0	0.517146	0.186134	0
Arenimonas	0	0.02598	0	0.019551	0	0	0.759187	0.171592	0.187326	0.105309	0.165586	0	0	0	0
Balneola	0	0	0	0	0	0	0.107692	0	0	0.165125	0.127703	9.68622	0	0.123257	0.208869
Boseongicola	0	0	0	0	0	0	0	0	0.430397	15.9542	35.6009	10.0121	1.71438	0.101193	0.772932
Bremerella	0	0	0	0	0.083927	0	0.328382	0.332703	0.257485	189.02579	202.17375	102.4719	143.4402	244.15411	288.61552
Caballeronia	0	0	0	0	0	0	0	0	0	0.482998	0.373958	0	0.03704	0.020027	0
Carboxylicivirga	0.025443	0	0	0.012985	0.010151	0	0.525508	0.114197	0.622393	0	0	0.16527	0	0	0
Caulobacter	0	0	0	0	0	0	0	0	0	3.88286	1.09242	2.2454	0.156627	0.193389	0.790089
Celeribacter	0	0	0	0	0	0	0	0	0	0.513732	0.052398	0	0	0.153572	0.02882
Cesiribacter	0.052368	0	0	0.05346	0	0	0.70563	0.058763	0.427058	0	0	0.204105	0	0	0
Chelativorans	0	0	0	0	0	0	0	0	0	6.71681	0	0	13.5666	0.213304	0
Cyclobacterium	0	0	0	0	0	0	0.055968	0	0.088762	0.94405	0.178307	34.53275	0.017353	0.201528	0.359771
Desulfocurvus	0.08893	0.01516	0.04344	0.341722	0.271989	0.125337	0.040272	0	0	2.46151	0.320956	1.73483	0.692207	0.535238	2.68708
Devosia	0	0	0	0	0	0	0	0	0	0.744635	0.534465	0	0.20972	0.076407	0.044488
Dinoroseobacter	50.03202	51.46112	111.47914	514.3137	309.1438	311.0663	316.8674	74.99483	84.06064	3.774329	8.041446	1.629542	0	0.669975	0.728486
Dokdonia	0	0	0	0	0	0	0.083888	0	0	0.388827	0.130307	9.81535	0	0.064677	0.108758
Donghicola	0	0	0	0	0	0	0	0	0	5.98999	0	0	0.186371	0.582773	0.212665
Echinicola	0	0	0	0	0	0	0.335882	0	0.51878	0	0	0.2747	0	0	0
Eilatimonas	0	0	0	0	0	0	0	0	0	5.99388	1.06132	2.37617	0.469931	0.245463	1.27019
Emticicia	0	0	0	0	0	0	0	0	0	0.227336	0.059439	11.6135	0	0.183556	0.14417
Erythrobacter/Porphyrobactergroup	0.043922	0	0.026471	0.07599	0.064523	0.124332	10.871701	14.045711	24.186014	5.137013	9.636545	17.081293	9.849391	3.617758	2.302503
Euryhalocaulis	0	0	0.027015	0	0	0.015361	0.444656	0.061684	0.313849	0	0.019873	0.071418	0	0	0
Flagellatimonas	0	0	0.183346	0	0	0.039769	4.567449	0.140858	1.782489	0.4703	0.969205	0.816333	0	0.056309	0.058095
Flagellimonas	354.567723	50.542517	72.43254	232.383578	58.20323	38.897687	6.349368	13.267248	5.292309	46.500202	9.569852	8.887647	151.042711	65.087949	236.31322
Flavobacterium	0	0	0.028164	0.63782	0.268599	0.166592	0	0	0	0.719225	0.419181	2.18118	0.663571	0.486312	2.79554
Fluviibacterium	0	0	0	0	0	0	0	0	0	1.73059	0.1263	0.454427	0.209349	0.167114	0.108494
Fontisubflavum	4.720703	4.274052	7.03984	21.56982	35.94046	43.803027	85.66757	83.5	74.395	38.4578	44.8165	8.77746	52.345417	31.4433	26.366284
Fulvivirga	0	0	0	0	0	0	0.092532	0	0	0.329138	0.074164	8.6714	0	0.035024	0.066332
Glycocaulis	0	0.115772	0.045738	0.968906	0.405205	0.317852	2.153024	0	9.196058	432.73321	1218.36975	292.90173	38.922915	26.866363	34.308275
Gymnodinialimonas	0	0	0	0	0	0	0	0	0	0	0	0	0.770042	0.068638	0
Haliea	0.136624	0	0	0	0.008277	0	0	0	0	7.563156	1.190908	0	4.494238	4.405497	4.66407
Halomonas	0	0	0	0	0.140547	0	0.038224	0	0	712.6891	32.387293	111.1349	600.9842	117.57349	197.43289
Henriciella	0.266159	0.024507	0	0	0.008721	0	12.72833	29.751212	9.783249	56.303916	33.567535	13.62605	16.553333	12.359054	7.721349
Hirschia	0	0	0	0	0	0	0	0	0	5.09197	0.941623	2.08998	0.320554	0.329507	1.13874
Hoeflea	0	0	0	0	0	0	0	0	0	28.89981	0.126585	6.24267	7.87692	0.768176	2.82241
Hydrocarboniphaga	0	0.018696	0.010626	0	0	0	1.134396	0.122652	0.216241	0	0.078715	0.213079	0	0	0.030589
Hydrogenophaga	0	0	0	0	0	0	0	0	0	2.29844	0.745006	22.9126	0.59429	1.12519	1.15212
Hyphobacterium	0.191806	0.134223	0.531294	1.078951	0.179838	0.027692	0	0	0	18.185239	1.232819	2.33123	2.058179	1.315095	10.645206
Hyphomonas	0.080596	0.006763	0.013951	0.010251	0.002028	0.011162	0	0	0	37.3914	1.139978	8.880744	5.347417	1.653099	5.252099
Ilumatobacter	0	0	0	0	0	0	0.061837	0.076992	0	0.612747	0.247801	0.824843	0.24175	0.152142	0.851197
Indioceanicola	0	0	0	0	0	0	0	0	0	1.47587	0	0	12.4568	0.376689	0
Kineobactrum	0	0	0	0	0	0	0	0	0	0	0	0	0.165724	0.107145	0.199756
Labrenzia	0.060299	0	0.011715	0	0	0	0	0	0	5.133126	3.596623	4.752002	0.047224	0.262863	0.02371
Lacticaseibacillus	0.412373	0	0	0.219577	0	0.253297	0	0.468007	0	0.956606	0.147419	0.271631	0	0	0
Lactococcus	0.536359	0	0	0	0	0	0	0	0	0	0	0	0	0	0
Larkinella	0	0	0	0	0	0	0.02539	0	0	0.27057	0.061252	9.35633	0.00885	0.057555	0.18556
Lewinella	0.057643	0	0.01121	0.325743	0.474139	0.032717	0.052518	0	0	1.69049	0.498611	2.47571	0.62968	0.720977	3.23648
Limnobacter	0.811249	0.435082	0.540407	0	0.081839	0.891528	0	0	0	0.749036	0.172277	2.626061	0.186757	1.336108	1.477766
Litoreibacter	13.88439	23.08922	27.31481	142.1201	83.0031	79.9864	70.8003	17.26396	24.87092	1.513572	4.602928	1.904597	0	0.616523	0.056353
Longimicrobium	0	0	0.030517	0.107162	0	0	0	0	0	0.363179	0.037653	0.067926	0.150261	0.072249	0.61316
Lysobacter	0	0	0.025073	0	0	0	0.889801	0.096008	0.489387	0	0.185171	0.05559	0	0	0
Maribacter	28.0987	3.13526	4.89172	12.51877	3.90519	2.17716	0.205534	0.40708	0.332687	1.700001	0.841513	0.119272	3.90532	2.36861	1.281573
Maricaulis	0	0	0	0	0	0	0	0	0	10.70628	2.532202	5.22325	0.771254	0.668128	2.467027
Marinibacterium	0	0	0	0	0	0	0	0	0	1.6063	0.097329	1.42325	0.234215	0.352186	0.167347
Marinicauda	0	0	0	0.039339	0.022933	0	0	0	0	47.24135	11.179702	21.99759	3.760068	3.055465	10.00871
Mariniphaga	0.066728	0	0.025869	0.618207	0.53306	0.076105	0	0	0	2.15684	0.720828	2.69361	1.01554	0.863887	3.10676
Marinobacter	953.375584	1577.039971	1312.514827	90.031879	81.531932	126.029211	1.277523	1.05318	2.182399	0.076669	0	0	0.068502	0.01907	0.145357
Marinoscillum	0	0	0.058108	0	0	0.009599	0.516981	0	0.130258	6.142639	2.606116	234.32546	0.512508	2.51941	2.745749
Marinovum	0	0	0	0	0	0	0	0	0	2.81103	0.194658	0.711625	0.46843	0.301873	0.223129
Maritimibacter	0	0	0	0	0	0	0	0	0	6.82443	0.694302	4.06875	1.480384	1.443611	0.60826
Marivirga	14.5195	1.72766	2.985559	7.878343	2.370072	1.322424	0.207051	0	0.124884	1.26371	705.320798	277.64622	3.670305	36.797982	59.952121
Marivita	19.37116	2.237111	3.17631	23.49386	16.25143	13.925819	10.53406	73.4416	31.21683	30.0478	22.29514	8.33907	41.359599	24.604116	21.422071
Martelella	0	0	0	0	0	0	0	0	0	2.91523	1.18663	24.9469	0.54957	1.49436	1.76443
Mesorhizobium	1.687458	0.058885	0.011254	0	0.09067	0.105431	3.367946	22.809303	22.825611	7.682206	8.1049	13.26351	23.297174	96.502228	176.685206
Methyloceanibacter	0	0	0	0	0	0	0	0	0	0.101666	2.150307	0.539922	1.540092	4.895735	5.757488
Methyloversatilis	3.240617	0.524788	0.436239	1.624484	0.271276	1.629038	1.026717	8.877891	5.902235	8.380347	3.431319	6.221863	0.254732	0.168531	0.127002
Microtetraspora	0	0	0	0	0	0	0	0	0	0	0	0.662791	0.132669	0	0.81357
Mongoliitalea	34.5197	10.1638	19.7662	47.3231	49.1092	19.1876	19.7946	41.7963	32.8248	11.2258	11.5229	23.88	1.39499	1.44489	1.2504
Nitratireductor	0.243276	0	0.020717	0.066201	0	0.101936	1.231158	2.670176	2.374516	40.298789	44.541369	75.787902	75.646809	214.283121	119.913199
Nocardioides	0	0	0	0	0	0	0	0.5607	0.206163	0.910054	0	0	0.211844	0.091106	0.354512
Oceanibaculum	0	0	0	0	0	0	0	0	0	64.83118	1.533906	0.302585	7.428331	0.172166	0.033303
Oceanicaulis	0	0.010925	0.025294	0.0898	0.019208	0	0	0	0	45.439963	10.386515	20.35362	3.540105	3.569184	10.774756
Oceanicella	0	0	0	0	0	0	0	0	0	0.174831	0	1.86811	0.764831	5.17808	9.99564
Oceaniradius	19.75588	2.760423	9.259689	38.36817	23.73868	5.750268	65.44311	350.863	173.7961	167.6376	162.1665	40.95002	373.59128	219.6387	185.12662
Oceanococcus	0	0.017347	0.016489	0	0	0	1.298773	0.176749	0.659857	0.153081	0.154072	0.300353	0.032409	0.017533	0
Oricola	5.58771	0.576804	1.886963	8.54522	5.49335	0.903313	13.26412	76.2206	40.3025	30.9465	37.8443	8.45357	71.3658	41.8369	37.8869
Other_Acidimicrobiales	0	0	0	0	0	0	0	0	0	0	0	2.664069	0.419634	0.032053	3.831629
Other_Acidithiobacillaceae	0	0	0	0.893426	0	7.496385	0.827836	2.744561	2.291324	7.024717	1.513905	10.235177	0.162061	0.185742	0.039127
Other_Actinomycetota	0	0	0.016965	0	0	0.022444	3.348438	5.52261	7.494115	1.567214	0.99644	12.572927	8.972081	7.113396	23.439645
Other_Alcaligenaceae	0.044328	0.015112	0.025985	0	0	0.049977	0	0	0	0.061343	0	0.057649	0	0.030488	0.034563
Other_Alphaproteobacteria	0.086474	0.032899	0.147401	0.368278	0.038643	0	0.700544	1.549204	1.606505	112.505029	23.688401	53.452324	17.8736	40.356444	55.058376
Other_bacteria	22.592308	4.156167	6.774734	30.196563	23.294357	16.720977	307.129643	159.709023	324.624888	56.060059	123.241799	98.386488	84.493119	66.772785	317.720056
Other_Bacteroidales	0.118124	0	0.04592	0.405142	0.285685	0.067094	0.502019	0.232765	0.270485	0.825623	0.681083	2.502812	0.588971	0.636827	2.92416
Other_Bacteroidota	0.151323	0.039799	0.045852	0.554861	0.361666	0.056317	5.994723	0.798345	4.052566	1.530671	70.665196	55.086024	0.522921	3.700284	8.107617
Other_Beijerinckiaceae	0	0	0	0	0	0	0	0	0	0	0	0	1.64138	0	0
Other_Bifidobacteriales	0	0	0.077269	0	0.05106	0	0	0	0	0	0	0	0	0	0
Other_Chitinophagaceae	0	0	0	0	0	0	0.363116	0.150747	0.548261	0	0	0.261824	0	0	0
Other_Chitinophagales	0	0	0	0	0.048111	0	0.600538	0	0.635251	0	0	0.333642	0	0	0
Other_Cryomorphaceae	0	0	0	0	0.096187	0	1.194495	1.20291	0.35898	0	0	1.429476	0	0	0
Other_Cyclobacteriaceae	113.003	33.661473	62.876654	146.422559	150.343666	71.539166	65.357855	111.8712	130.3925	29.872609	36.228825	97.27241	5.157428	5.831943	7.192757
Other_Cytophagales	0	0	0	0	0.015572	0	0.444924	0.181204	0.530208	0.61326	0.065603	26.240435	0	0.273283	0.251134
Other_Devosiaceae	0	0	0	0	0	0	0	0	0	54.6861	0.129981	10.88142	6.31502	0.851184	4.0866
Other_Egibacteraceae	0	0	0	0	0	0	0	0.228779	0	0.212323	0.110178	0.132478	0.195172	0.105585	0.119513
Other_Erythrobacteraceae	0	0	0	0.031943	0.02427	0	0.226854	0.837832	1.12113	0.059824	44.430975	91.85955	0.48344	8.893684	5.445399
Other_Euzebyales	0	0	0.01148	0	0	0	0.360416	3.755425	0.1722	5.355981	3.280102	6.220835	1.885583	1.756844	1.789566
Other_Flammeovirgaceae	0	0	0.030195	0	0	0	0.54286	0	0	3.836716	15.718121	183.97778	0.214965	2.266545	3.966607
Other_Flavobacteriaceae	0	0.149968	0.020421	0	0	0	0	0.240668	0	0	0.176787	0.063751	2.239638	0.935009	6.43548
Other_Flavobacteriales	0.080997	0	0	0.036764	0	0	0.39254	0.160475	0.703555	0.409236	0.174355	0.915227	11.18134	4.771807	33.30659
Other_Flavobacteriia	0	0	0	0.015106	0.011771	0.016546	0.88017	0.156994	0.807583	0	0	0.363576	0	0	0
Other_Frankiales	0	0	0	0	0	0	0.063634	0.159514	0	0.072483	0.154397	0.1385	0.049704	0.035945	0.075166
Other_Gammaproteobacteria	0	0.042657	0.008167	0	0	0	1.372835	0.279277	0.912816	3.669754	0.971524	2.202383	0.217798	0.196407	0.742961
Other_Halieaceae	0	0	0	0	0	0	0	0	0	0.231619	0.110676	0	0.162704	0.116296	0.256801
Other_Hymenobacteraceae	0	0	0.009592	0	0	0	0	0	0	0	17.6324	6.01313	0	1.01841	1.32621
Other_Hyphomicrobiales	1.00541	2.25823	4.73092	13.3464	32.998129	35.59	85.915139	40.7469	56.8124	325.748737	18.400363	83.218701	45.926221	1.789762	30.604664
Other_Hyphomonadaceae	0	0	0	0.055451	0	0	1.170592	4.093093	1.862067	10.842723	1.675085	4.780561	1.750032	1.693973	2.744911
Other_Ignavibacteriales	0	0	0	0	0	0	0.026717	0	0	0.325492	0.042934	11.2289	0.009318	0.080787	0.091897
Other_Lysobacterales	0	0	0	0	0.014275	0	0	0	0	26.2741	1.05858	3.35325	19.5246	3.67383	6.29128
Other_Maricaulaceae	0	0	0	0	0	0	0	0	0	16.98341	3.418809	8.67633	1.274197	0.987394	3.495082
Other_Marinobacteraceae	1543.052886	2489.487563	2022.089963	131.582643	124.14718	186.785872	1.384911	3.046208	2.789346	0	0	0	0.012142	0	0
Other_Melioribacteraceae	0.137505	0.011667	0.047188	0.456979	0.320654	0.05784	0	0	0	1.41749	0.645817	2.18939	0.530614	0.598326	2.94612
Other_Microthrixaceae	0	0	0	0	0	0	0	0	0	0	0	0.235472	0.019418	0	0.900962
Other_Myxococcales	0	0	0.009132	0	0.011558	0	0.659292	0.487063	0	5.77637	14.314031	31.516073	67.47142	86.56249	147.90115
Other_Myxococcota	0	0	0.02967	0	0.026475	0	0.136742	0	0.114206	1.073722	5.515517	11.748847	23.21517	29.26585	52.16713
Other_Nevskiaceae	0	0.007154	0.042778	0.021628	0	0	1.178835	0.46364	1.26809	0.840614	0.54721	0.351556	0	0.007166	0.008167
Other_Oceanibaculaceae	0	0	0	0	0	0	0	0	0	4.17013	0.108273	0	0.542968	0	0.019563
Other_Paracoccaceae	30.944089	8.963993	8.718875	249.47103	52.002493	40.756747	61.757455	209.77056	460.9515	27.934099	5.625835	15.720008	5.437076	13.105689	18.5041
Other_Paraliomyxa	0	0	0	0	0	0	0	0	0	4.13696	0.598542	2.00117	0.212256	0.162257	0.966809
Other_Parvularculaceae	0	0	0	0	0	0	0	0	0	4.70689	1.31003	2.65586	0.383696	0.157307	0.906798
Other_Phycisphaeraceae	0	0	0.015707	0	0.004603	0	0.075025	0	0	11.399215	12.001145	33.4166	51.1028	66.197966	52.349683
Other_Phycisphaerales	0.143682	0.036598	0.193398	0.661373	0.608617	1.0081	18.0838	9.51656	18.9536	44.479618	64.33109	56.546314	238.34141	306.017227	208.20421
Other_Phyllobacteriaceae	23.41302	2.766265	9.663164	40.91976	23.26474	5.107156	56.144422	341.598887	166.27	142.238864	168.731781	46.83942	338.967253	212.476732	189.29811
Other_Planctomycetota	0	0.015112	0.07155	0.040067	0.045285	0.038421	0	0	0	382.67502	459.6739	500.1574	1736.5299	2338.0041	1784.7555
Other_proteobacteria	0.667489	0.187916	0.343145	0	0.064584	0.547928	0.858688	1.068004	1.565544	53.845403	8.804632	26.743431	12.753127	9.704536	19.086038
Other_Pseudonocardiaceae	0	0	0	0	0	0	0	0	0	0	0	0.636258	0.090312	0	1.13598
Other_Rhizobiaceae	0	0	0	0	0	0	0	0	0.194194	2.56195	0.336127	2.14429	0.277937	0.598041	2.61653
Other_Rhodobacterales	0	0	0	0	0	0	0	0	0	3.695029	0.515589	4.2971	2.179516	6.542196	10.539967
Other_Rhodobiaceae	0.881051	4.55267	8.2207	22.1991	46.3595	58.4116	100.784	25.9477	64.1889	21.814	21.3131	3.54878	0.052478	0	0.222826
Other_Rickettsiales	0	0	0.04492	0	0	0	0.205851	0	0	0.826465	0.531705	56.79607	0.090322	0.608325	0.42798
Other_Roseobacteraceae	856.645	123.390226	182.8044	1399.5221	822.3235	952.4404	444.96656	1993.00777	577.38265	811.88909	146.72226	316.908162	145.214307	120.881711	89.422995
Other_Salibacteraceae	0	0	0	0	0	0	0.65722	0	1.71779	0	0	0.897709	0	0	0
Other_Sandaracinaceae	0	0	0.019059	0	0.065206	0	1.292861	1.139844	0.384413	7.873641	20.112263	46.8704	107.2126	133.96156	229.58843
Other_Saprospiraceae	0	0	0	0.069672	0	0	0.809671	0.608601	0.222254	0.511016	0.312816	14.241321	0	0.127296	0.143347
Other_Saprospirales	0.236189	0.016126	0.064544	0.508533	0.474616	0.026668	0	0	0.154624	1.30998	0.579482	2.39629	1.08309	0.586107	2.80354
Other_Schleiferiaceae	0.065813	0	0.010482	0.06312	0.073215	0	4.2311	1.036085	3.185584	0	0	2.129735	0	0	0
Other_Sphingomonadaceae	0.048676	0	0	0	0.009582	0	0.8394	1.060591	2.011517	0.249326	0	0	0.59055	0.063266	0.01902
Other_Steroidobacteraceae	0	0	0	0	0	0	0.086675	0.432053	0	0.088044	0.185471	0.208443	0.110939	0.032785	0.099395
Other_Sterolibacteriaceae	0.791445	0.355784	0.100687	0.755835	0.216869	0.782471	0.571135	3.30884	1.362735	3.422413	1.292644	1.730263	0.098312	0.044874	0.096952
Other_Woeseiaceae	0	0	0	0	0	0	0	0	0.045802	25.52762	4.57177	4.730627	39.6252	22.34361	9.775
Other_Xanthobacteraceae	0	0	0	0	0.432469	0.414345	0	0	0	0	2.72713	0.831058	0	0	0
Owenweeksia	0	0	0	0.021469	0.00421	0	0.528298	0.141704	0.514602	0.800005	0.23169	12.234755	0	0.02849	0.032018
Paracoccus	0	0	0	0	0	0	0	0	0	9.167912	3.224433	15.027821	3.463821	12.820481	19.237948
Parahaliea	0	0	0	0	0	0	0	0	0	0.127963	0.033325	0	0.16161	0.111315	0.108119
Parvibaculum	0	0	0.069639	0	0.034891	0	0	0	0.948201	22.683972	14.457679	2.576664	13.473869	15.506641	7.478218
Pedobacter	0	0	0	0	0	0	0	0	0	0.144728	0	9.74583	0.016633	0.053983	0.101814
Pelagerythrobacter	0	0	0	0	0	0	0.258881	0.59206	1.77889	0	0	0	0.493494	0	0
Pelagibacterium	0	0	0	0	0	0	0.207718	0.127499	0	31.425939	5.204136	19.866396	9.109632	13.117644	14.665318
Phaeocystidibacter	0	0	0	0.049513	0.022868	0	1.922552	0.153627	1.506438	0	0	0.871918	0	0	0
Phaeodactylibacter	0	0	0	0	0	0	0.460066	0	0.069291	0	0.091771	0	0	0	0
Phycisphaera	0	0	0	0	0	0	0	0	0.107548	15.72885	20.98721	5.405693	134.4696	139.429	17.34398
Phyllobacterium	0	0	0.042039	0	0.502983	0	0	0	0	0	0	0	0	0	0
Pigmentiphaga	0	0	0	0	0	0	0	0	0	0.864518	0.080041	0.81623	0.349793	0.820921	0.631065
Polycyclovorans	0	0.061956	0.045556	0	0.026699	0	2.696876	0.326579	0.972423	0.460633	0.416825	0.584995	0	0	0.153882
Ponticaulis	0	0	0	0	0	0	0	0	0	3.45494	0.94193	2.21243	0.352261	0.203688	0.782819
Prolixibacter	0	0	0.010509	0	0	0.030574	0	0	0	0	12.648	4.63484	0	0.635708	1.37464
Pseudoalteromonas	0	0	0.039087	0	0	0	0	0	0.352971	0	0.597763	0	0	0	0
Pseudomonas	0	0	0	0	0.17033	0	0	0	0	0	0	0.922538	0	0	0
Pseudonocardia	0	0	0	0	0	0	1.76162	0	0	0	0.160304	0	0	0	0
Pseudooceanicola	0	0	0	0	0	0	0	0	0	0.601252	1.726799	1.02963	0	3.254701	0.083113
Pukyongiella	0	0	0	0	0	0	0	0	0	3.09518	0	1.85036	0.073153	0.0781	0
Putridiphycobacter	0	0	0	0	0.006953	0	0.474102	0.39341	0.4007	0	0	0.364429	0	0	0
Qipengyuania	0.111663	0	0	0.019042	0.007375	0	0.836745	1.782532	2.176135	1.428929	0	0.55853	0.786306	0.167324	0
Rhizobium/Agrobacteriumgroup	0	0	0	0	0	0	0	0	0	0	0.307236	0.566479	0	0.253044	0
Rhodobium	0	0	0	0	0	0	0	0	0	0.608874	0	0	0.825109	0.019457	0
Rhodoligotrophos	0	0	0	0	0	0	0	0	0	0	0.261882	0	0	0	0.164929
Rhodovulum	0	0	0	0	0	0	0.052518	0	0	1.20749	0.166204	1.50043	0.50004	0.480651	1.94641
Robertkochia	13.2417	1.81131	2.31709	6.22848	2.01811	1.2934	0.354517	0.625141	0.547113	1.47424	0.280795	0	2.12356	1.06152	0.807408
Roseibacterium	0	0	0	0	0	0	0	0	0	0.460012	0.198282	1.7177	1.37521	5.89254	7.89253
Roseibium	0	0	0	0	0	0	0.433558	0	0.270038	4.149993	5.607271	5.962643	0.146796	0.41907	0.589184
Roseicyclus	0	0	0	0	0	0	0.05105	0	0	2.063686	4.817001	26.74854	22.07293	83.65539	129.99498
Roseitalea	52.45796	7.528745	19.310987	104.275	49.33213	13.342495	131.10015	745.0408	396.2499	339.3344	368.8114	79.65569	812.4676	483.6686	412.3025
Roseivirga	0.061066	0.041959	0.023722	0.313941	0.2626	0.069443	0	0	0	1.28224	0.440034	2.06682	0.806788	0.40419	2.7144
Roseivivax	0	0	0	0	0	0	0	0	0	2.00269	0	0	5.8545	0.084348	0
Roseobacter	3.68403	10.93895	12.39057	34.5421	87.0727	96.3956	184.6969	54.4576	135.1898	49.209304	56.087149	11.83279	1.955441	8.278713	11.213023
Roseovarius	0	0	0.012538	0	0	0	0	0	0	208.916753	8.286059	266.00508	231.250409	332.176089	240.240907
Sagittula	2.747429	0	0.065173	1.222168	0	0	0	0.364456	0	18.092061	6.376547	28.571446	3.483538	4.248786	4.265193
Salipiger	0	0	0	0.027189	0	0	0	0	0	1.566722	0.27316	1.036294	0.284116	0.312675	0.224102
Sediminihaliea	0	0	0	0	0	0	0	0	0	0.338853	0.114573	0	0.339085	0.394163	0.158242
Sinimarinibacterium	0	0.013209	0.015449	0	0	0	0.753533	0	0.346643	0.079979	0.159306	0.101769	0	0.016336	0.018507
Solimonas	0	0	0.015206	0.018701	0	0	3.450712	0	0.36853	0.212296	0.211284	0.15018	0	0.012498	0
Sphingobium	0	0	0	0	0	0	0	0	0	0	1.02001	1.25515	0	0.472653	0.309672
Sphingomonas	0	0	0.014583	0	0	0	0	0	0	0.205034	0	0	0.129283	0.114573	0.187926
Sphingopyxis	0	0	0	0	0	0	0	0	0	0	0	0	0	0	0
Stagnimonas	0	0	0.013877	0	0	0	0.920639	0	0.589251	0.101134	0.05162	0	0	0	0
Stappia	0	0	0	0	0.009247	0	0	0	0	37.249111	128.674271	109.16215	18.2741	40.060885	23.857745
Sulfitobacter	0	0	0	0	0	0	0	0	0	2.67993	0	0	0	0.23504	0
Tabrizicola	0	0	0	0	0	0	0	0	0	0	0.289613	2.51911	2.03249	7.35032	13.1275
Tenacibaculum	0	0	0.015971	0	0	0	0	0	0	0	24.6643	10.7998	0.027211	0.79281	1.48416
Thauera	0.176227	0.030036	0.017219	0.02257	0.008695	0.254658	0.319157	0.395811	0	0.572505	0.095407	0.451151	0	0.030295	0
Thaumasiovibrio	0.038376	0.010508	0.020755	0.370454	0.279841	0.061643	0	0	0.039682	1.04267	0.374272	1.77443	0.635207	0.542075	2.48647
Tistrella	0	0	0	0	0	0	0.128519	0	0	46.29453	16.342785	405.0128	12.254162	22.693338	27.469441
Wenzhouxiangella	0	0	0	0	0.038117	0	0	0	0	129.7702	4.278268	19.85195	103.9567	19.31351	33.37429
Xanthovirga	0	0	0.007348	0.019192	0	0	0	0	0	0	18.8589	8.19267	0	0.821292	1.61739
Zavarzinia	0	0	0	0	0	0	0	0	0	3.49218	0.091236	0.054774	0.614376	0	0
Zhengella	0	0	0	0	0	0	0	0	0	1.38452	0	0	7.04648	0.433782	0.050882
