ID	coculture_1_0d	coculture_2_0d	coculture_3_0d	coculture_1_9d	coculture_2_9d	coculture_3_9d	coculture_1_70d	coculture_2_70d	coculture_3_70d	coculture_1_450d	coculture_2_450d	coculture_3_450d	coculture_1_720d	coculture_2_720d	coculture_3_720d
A01A	0	0	1.059297	0	2.900074	0.049376	2.799435	0	0	3.630498	0.063005	1.449917	0	0	4.961622
A08	229.652124	403.157608	232.566076	300.382944	278.980916	186.091055	241.689608	323.744246	283.507413	237.879103	183.707152	309.73609	241.973604	265.373702	239.087407
A11	0	0	0	0	0	0	0	7.86023	0	0	0	0	0	0	0
A22A	0	0	0	0	0	0	0.753612	0	0	0.528105	0	5.43783	0	0	0.649628
A24	0	4.48457	0	2.94528	0	0	5.00955	0	5.96892	0	0	2.62437	0	7.24017	0
A24A	87.194587	217.570703	31.945229	260.533703	17.774737	120.32948	200.090866	87.404783	221.922736	11.086376	97.184859	121.451954	65.112856	208.584065	12.089114
A24B	33.03944	133.085021	147.963663	28.775324	103.337112	13.03391	143.53234	110.877441	46.336657	98.850794	19.92825	73.26453	104.225569	56.025627	124.3186
A26	0	1.47834	0	3.064126	0	0	1.45602	0	8.330699	0	0	2.6428	0.114952	5.71497	0
A28A	0	0	0.305139	0	0.871519	0	0.801788	5.60033	0	1.193405	0.047309	0.88087	0	0	0.943037
A28B	25.263	1.22075	0	12.72606	15.1121	3.5994	1.76183	0	6.37749	5.50304	5.6368	4.04625	0	17.867415	4.16129
A31	0.870691	15.913287	2.085011	14.58343	8.158412	0.046983	2.476734	6.04595	18.873054	1.808046	0.149354	21.666691	16.6502	12.18899	1.583772
A32	33.28129	168.006445	221.382362	147.508219	124.433583	15.50381	109.142093	181.08277	111.499663	112.144188	23.909298	64.627148	219.236445	99.212246	128.676049
A39	0.937821	157.720978	2.393697	39.720786	4.18789	0.219352	253.098916	2.305369	36.258493	1.0404	0.68882	119.40876	9.570259	63.513687	0.514812
C01	0	0.878623	0	0.440532	0	0	0	0	0.189385	0	0	0.673282	0	0	0
C01A	1.42299	22.011632	110.440094	0.913076	39.929445	3.906359	41.403282	33.378526	0.242249	69.567203	5.857796	15.618073	76.362801	11.4059	98.200337
C01B	0	0.990611	0.768482	0.091357	0	0	1.40264	0.105765	0.172704	0.018553	0	6.536509	2.400899	0	2.566416
C02A	0	0	0	0	1.427399	0	0.768441	0	0	2.016713	0	2.034676	0	0	1.99748
C108	0	0	0	0	0	0	0	0	0	0	0	0	0	0	0.73144
C110	0	0.375687	0.374558	0.025232	0.134941	0.009087	11.535159	0.11816	0.502601	0.010329	0.032375	4.506381	0.382438	1.166324	0.140115
C115	0	0	0	0	0.259392	0.089592	0	0	0	0.526475	0	0.955812	0	0.104955	1.65515
C12	0	0	0.166377	0	0.638755	0	0.247279	0	0	0.709539	0	0	0	0	2.11843
C13	0.244266	0.427414	0.222897	0	0.58552	0	1.942997	0.411787	0.17565	1.294964	0.011861	4.748209	0.300521	0.099125	2.786318
C14	0	0	0	0	0	0	0	0	0	0.213087	0.218976	0	0	0	0
C14A	0.178652	0.398856	0	0	0	0.020444	2.619477	0	0.309987	0.01165	0.034719	0	0	0.354662	0.033833
C14B	57.567927	159.843079	22.975769	93.454265	75.420672	5.3709	160.963416	167.664366	45.651812	45.738568	7.673405	116.74146	57.387175	52.616724	48.372475
C15	0	13.919981	0	44.302662	0.075433	0	16.507239	0	49.568454	0	0	9.759802	0	26.844305	0.171258
C19	0	0.26213	2.58868	0	11.698066	0.234396	6.624538	0.548156	0	12.610342	0.025079	7.915759	0	0	26.376363
C25	62.46985	25.563917	34.550053	7.213096	78.127121	17.777623	52.339202	58.647439	11.307953	75.108165	32.86606	73.160326	63.180214	17.300879	40.715649
C26	1281.537474	1891.177886	1904.238268	1914.761791	1513.351066	1293.622985	1645.406825	1854.279592	1942.008461	1378.774228	1291.587588	1474.236713	1774.555511	1734.96647	1374.167007
C39	257.309938	64.270371	1.272292	30.624463	21.477263	406.643746	55.615483	0.86723	20.100347	19.639866	342.512494	90.140807	3.634863	27.721101	28.324403
C40	352.657441	237.048027	273.953102	96.101916	318.043845	335.56492	309.321891	261.623151	85.233371	295.548929	316.685556	199.632988	311.418258	126.088392	241.892762
C44	1036.739306	671.369775	506.779253	742.084666	690.407135	1061.141029	720.196814	670.091457	793.222737	590.518923	967.084184	752.265727	578.539801	762.309364	507.795755
C45	2.951428	38.806088	9.373374	59.470599	10.273445	0.596294	29.172401	46.408343	49.060031	4.380908	1.592059	89.477642	33.761095	49.405505	0.91906
C56	611.697891	814.078007	671.183365	980.114152	617.642367	474.972038	478.783948	808.330427	951.630814	524.411936	451.357951	723.385591	651.808795	916.873475	500.334923
C59	0.153108	9.415664	1.05106	5.242174	5.3938	0.188424	15.759707	2.59542	9.87467	0.863003	0.096352	14.124644	7.192132	10.12715	0.405267
C60	0	1.296254	0.991396	0.394222	0	0	0.083361	1.173112	0.757268	0	0	2.416462	0	2.017138	0
C60A	93.023714	6.762233	1.807354	1.426971	7.497035	131.866625	2.155605	2.577216	2.085152	6.79352	117.029631	4.494827	1.26776	3.951028	15.711085
C65	0	0	0.665509	0	1.27751	0	0.247279	0	0	1.21455	0	0.45419	0	0	2.61119
C69	36.942616	13.911735	20.209724	7.967729	42.593693	9.809379	14.840737	35.701057	9.822814	40.936936	17.186906	24.630051	44.340351	13.90997	21.893428
C78A	0	0	0.396318	0	0.872336	0	0.843645	0	0	2.13293	0	1.03745	0	0	3.81177
C82A	771.441455	1125.812783	997.322198	1013.282108	950.174229	782.739829	537.823991	1401.652924	830.254746	750.889188	678.814897	616.672445	915.415089	675.640362	915.378231
C82B	75.67565	252.685099	159.485572	244.521659	162.676655	21.024003	160.768913	329.479283	217.990314	122.579537	28.812085	130.944868	212.125738	207.167109	130.764671
C83	0	0.452505	0.389316	0.244901	1.786941	0	0.924762	0	0.30145	1.159191	0.052468	2.38338	0	0.210491	2.929633
C85A	0	0	0	0	0.80645	0	0.42703	0	0	0.406176	0	0.622853	0	0	1.1181
C89	0	0.485358	0.766296	5.63858	3.63201	0	0.9559	0	6.40602	3.363112	0	1.882741	0	10.5709	2.607039
C93	129.291355	253.16294	37.952691	304.557682	30.557292	179.103302	181.724141	219.81687	228.04323	22.928019	142.425441	111.450056	116.749486	219.704738	16.934536
C95	0	0.112951	2.66892	0	2.899853	0	5.28432	0	0	8.464074	0	3.26765	0	0	11.587283
C96	0	3.1081	0	0.037998	0	0	1.69642	0	0.163585	0	0	0	0	0.045597	0
C97	0	0	0.59737	0	3.056624	0	0.467388	0	0	1.569345	0	1.063138	0	0	4.811355
G04	104.352348	154.838062	156.36464	93.989027	144.131739	27.916393	147.300525	209.770424	60.601428	157.061111	51.219179	108.93028	175.797331	56.556625	106.325636
G05	304.603751	217.330652	194.928954	121.966387	306.788495	295.888347	253.123373	170.975736	102.340649	229.575495	285.632489	206.131737	203.56905	156.373718	194.776047
I04	11.9622	2.464795	0.76715	18.567549	6.441497	1.68296	4.402773	0.552102	23.024783	1.690025	2.32464	18.254575	0.898219	39.257853	1.0323
I25A	0	3.10408	0.546541	0.74354	1.98814	0	2.556839	0	1.86291	2.033425	0	27.602951	0	1.67473	2.481277
I39	585.889844	487.820395	317.268101	248.477743	662.891266	144.502471	748.61275	455.754478	163.806047	578.627859	264.750654	752.719678	505.176148	305.474072	326.963263
I43	0	0	0	0	0	0	0	0	0	0.200421	0	0	0	0	0
I51	141.805616	59.897999	1.023537	57.952255	11.254553	237.266009	10.21162	3.517569	38.892887	12.917721	186.959581	75.890753	3.214462	62.609856	20.061477
I78	0	6.0847	0	1.311979	0	0	1.86849	0	1.841594	0	0	8.93549	0	1.77802	0
I87	565.833054	591.066084	441.501884	545.51099	459.467843	571.940766	486.030234	443.813306	468.172836	429.603969	559.337787	507.644235	464.726378	489.04255	355.263878
M01	378.782357	224.548665	244.211275	231.611627	405.056053	196.039253	263.748938	340.217718	211.958967	362.070718	245.548535	304.665435	333.629983	230.435247	232.248707
M02	0.284882	10.13866	1.102473	7.59599	0.72712	0.102081	4.278492	1.66349	7.617386	0.566506	0.099454	14.800394	1.41183	17.258811	0.263778
M03	5.338341	2.317221	17.1847	3.59845	34.0786	3.721534	3.391339	4.36655	11.258903	21.48	7.35368	7.192654	4.991218	14.034733	19.9927
M03A	133.372992	172.869269	142.424778	101.181127	128.179641	141.488532	194.137953	138.471194	65.124734	122.703573	139.321315	105.704039	137.579386	78.762304	126.448252
M03B	21.613743	94.463389	85.915734	60.23453	44.557096	5.041985	54.405054	105.024554	42.491426	45.424572	7.10303	62.126766	89.107069	44.175719	52.042749
M03C	0.337801	21.107809	13.7932	93.239358	0.360855	0.104046	49.77326	8.47863	119.61662	0.494707	0.174869	31.461884	16.8415	93.05328	0.446972
M04	0	3.289226	0.501276	4.340122	0	0	1.058484	0.190673	4.591811	0	0.00453	12.436483	0.131933	9.756578	0
M06	47.56863	11.564543	38.009617	1.30711	76.8435	14.76994	13.705487	41.857277	1.897615	68.6649	27.93484	20.657949	42.61334	1.664393	39.2999
M08	51.1011	12.06326	24.493912	4.61681	56.64611	14.45115	12.315987	37.593185	2.80517	55.48019	24.6649	26.385512	45.849092	1.955796	25.25202
M10	0	4.618227	0	2.155294	0	0	6.870157	0	6.972338	0	0	8.655932	0	9.497459	0
M100	0	0	0.234533	0	1.53177	0	1.36001	0	0	1.21062	0	0.627573	0	0	2.36827
M103	70.843381	236.288161	242.029167	178.11862	175.202084	19.569144	241.514635	234.74977	130.915142	148.06694	36.6839	181.287457	198.733888	156.492913	166.67677
M105	0	0.495232	0	8.56085	0	0	1.66354	0	11.00379	0	0.009132	3.57635	0	19.77648	0
M106	49.681132	108.243905	36.489439	97.161148	71.820134	11.368099	42.550008	128.27547	65.417887	59.27422	20.244114	55.260521	73.25542	71.586777	38.729069
M10A	0.282251	18.722694	2.058887	84.950764	7.021464	0.096747	21.243309	5.761157	110.570872	1.084419	0.28691	24.39211	13.980036	86.519123	0.736634
M10B	4.93176	15.665032	15.09901	3.184347	36.96244	4.777799	5.583064	6.33822	3.087613	21.88286	7.173975	20.317967	14.33838	1.700052	15.963092
M12	0.220673	0	16.2971	0.885986	0.506062	0.412814	4.52521	8.16853	0.235615	0.530416	0.166842	0.597011	18.16417	10.8686	0.542212
M12A	1.34009	0	0	0	0	0	0	0	0	0	0	0	0	0	0
M12B	9.64821	0.882485	0.78048	4.238732	7.18379	1.437304	13.777094	0.347133	2.675415	1.686552	2.249264	5.719912	0.508546	7.913351	1.20934
M13	0.186886	62.541758	3.826718	30.996659	0.693461	0.088945	72.814538	2.280845	9.599522	0.413727	0.062796	49.625047	3.705994	21.289884	0.405989
M14	603.332249	261.939477	186.780509	324.887995	369.761986	588.374518	254.794127	268.200693	285.657146	334.281584	604.655756	294.546059	294.655102	290.577324	208.359752
M14A	29.745054	59.599112	32.398596	170.637109	36.480154	8.395334	57.208916	36.192053	205.347034	39.623726	16.120452	75.665729	46.560788	156.005893	18.559525
M14B	82.5035	18.603239	40.973975	8.885016	97.97048	21.79939	36.754415	67.808408	6.729743	87.7737	41.879514	45.33046	69.647041	16.441407	49.39668
M14D	80.658544	96.03346	52.999476	170.469876	96.222208	21.292888	70.957069	79.555111	183.006904	88.513014	38.133282	103.914945	86.137861	160.602354	50.871946
M15	20.17874	101.765247	264.00428	55.120245	75.527265	14.862173	84.954639	95.391731	34.825726	98.76691	17.760478	27.455825	186.183139	37.819719	140.28749
M15A	63.836474	150.805953	56.174751	98.938517	138.603603	11.977821	40.369998	185.304332	104.670445	80.643026	21.537202	72.077536	78.577087	95.835983	83.0019
M15B	0	29.924961	1.956949	35.795017	0	0	2.958276	1.396655	20.897041	0.022425	0	12.094254	1.196091	36.894981	0
M15C	0.142729	5.157515	0.233354	0.416968	0.578947	0	1.61483	0.567667	0.381686	0.288561	0	3.87777	0	2.832248	0
M15D	44.8779	26.901694	37.113923	8.460126	90.60393	15.39728	13.735448	44.80703	6.487314	66.999621	29.16977	57.866058	39.582587	12.975212	43.111856
M16	118.191323	84.65829	64.290414	168.733593	127.505565	25.985231	122.86323	128.450859	217.424928	103.918711	44.002651	142.98805	115.211626	188.027274	64.312952
M16A	68.281946	0.348591	0.124935	0.299536	6.00247	104.769888	0.024437	0.080673	0.353598	5.810881	93.448903	0.022663	0.145569	0.289489	8.250042
M16B	181.202293	311.776164	366.863979	305.389859	331.787388	57.397914	323.056893	319.407307	353.199813	320.766192	101.115401	385.691965	343.769421	345.884088	274.176155
M16C	64.625129	2.342986	0.42683	0.608576	10.539038	110.024441	4.306434	0.18644	0.675989	7.616363	93.318747	2.433422	0.027296	1.014959	13.529369
M17	145.09765	297.172455	242.886353	263.844462	192.979436	155.250767	256.94246	270.912577	242.538525	175.71682	162.369121	203.916256	239.976882	229.403948	177.094187
M18	97.959312	1.0707	1.018556	4.372528	11.077823	147.34564	4.058401	0.579373	6.306246	10.720286	132.111802	3.039527	0.225232	10.149023	17.67317
M19	237.599098	233.91373	321.637375	151.201507	369.057365	65.373455	264.257111	340.758068	162.214122	346.739134	124.306992	212.876999	375.758917	143.234951	257.68633
M20	460.623791	751.440709	650.21217	677.771272	681.011033	108.469369	602.622835	955.950696	672.582244	598.937725	191.167853	643.022587	736.996818	657.009157	527.184171
M20A	332.324689	409.080424	283.550546	344.457631	320.267985	288.639587	366.2256	443.672476	340.028826	273.589044	295.763868	320.045415	304.950634	295.79014	263.791464
M20B	29.625831	28.139722	5.415317	14.843371	30.819563	3.18119	15.01081	42.286491	22.257981	14.847433	6.171583	13.479793	11.040946	34.755203	16.016969
M20C	0	1.56974	0.455235	0.65801	0.341506	0.013351	0.283472	0	0.430255	0.333825	0.023051	1.83164	0.506299	2.59432	0.110345
M20D	301.597866	471.042775	676.283287	339.691156	539.246128	86.855006	500.923511	640.856249	318.58534	521.644795	165.152019	389.198822	627.518518	317.639823	480.863357
M20F	89.601432	117.461148	158.680382	109.821865	160.724606	22.846029	132.502321	165.499504	149.562049	135.19347	41.142161	107.718994	145.889028	136.138153	133.479298
M23	28.163185	82.673102	80.411479	26.642358	63.860926	8.37585	115.762488	55.934006	29.201407	55.841528	14.664365	86.81901	56.418014	38.062852	64.07091
M23B	789.445832	738.85665	618.390937	492.031505	660.504049	759.120483	651.656591	791.042134	315.32345	606.279271	731.085315	559.315144	661.564219	376.074967	543.264634
M24	207.224416	241.532345	242.55769	191.570647	240.917493	141.725044	142.234533	386.775049	134.923825	215.934942	161.471555	137.645749	263.373212	140.984118	211.631189
M24A	229.086736	254.294328	194.182512	318.031265	145.784863	205.17899	295.605676	181.292394	371.78671	147.236236	190.898487	239.027621	196.454009	334.941225	151.780484
M24B	270.874619	320.874228	331.516372	328.143134	257.35318	269.03458	305.175221	300.988878	353.755667	262.219263	283.832798	322.962893	336.195726	350.70879	244.623013
M26	0.008119	1.12936	0.007235	0.465464	0	0	0.305903	0.109242	0.445532	0.001636	0	2.16025	0.158442	2.0092	0.017975
M28	259.857486	237.001414	134.691428	171.35497	333.600009	61.40965	260.354265	396.998961	150.213827	288.497262	113.403033	250.436988	260.199996	160.856726	183.292071
M28A	0	7.683005	0.630277	9.798763	2.153808	0	8.013463	0.910919	13.261249	2.288173	0.017004	6.706287	0.453125	19.545462	4.335834
M28B	52.502372	11.522589	31.867512	11.012315	52.697341	11.001226	28.795659	37.577322	6.366767	41.671904	19.286775	22.057839	48.292108	25.645809	21.191914
M28D	58.126037	71.159211	19.679688	94.386074	66.706532	14.150283	86.975784	35.608932	97.714156	50.198179	27.232867	74.691155	38.936139	88.081635	27.100653
M28E	102.361097	58.197167	64.484871	80.180991	116.514509	26.472349	120.443898	94.86182	97.80818	103.200916	48.64187	88.036784	99.734752	103.49042	56.157114
M28F	0.287543	60.650359	0.653468	125.507335	0.123829	0.067344	116.031952	0.199743	155.016498	0.011558	0.075163	70.033476	0.809	93.116007	0
M29	0.107937	26.998065	18.494943	93.874664	0.360158	0.129362	38.343126	8.97388	139.327574	0.597144	0.157635	29.419954	17.1546	110.062789	0.611474
M32	19.218216	75.130634	114.411839	107.306633	67.225795	6.696136	55.129863	79.018885	145.111064	59.894243	11.969114	65.376184	87.317241	120.137047	69.116648
M36	0.635289	20.620242	2.8672	21.328257	0.411884	0.03845	1.573945	0.456174	7.89679	0.011761	0.044746	4.828169	1.502396	13.184002	0.926309
M38	1643.319744	2395.794313	2349.886664	1786.209286	2057.187923	1261.027611	2132.478211	2496.083075	1568.932161	1858.610993	1376.078762	1842.416034	2440.142722	1775.12897	1721.01841
M41	298.277785	262.867283	237.935442	213.023993	342.725982	280.54985	187.33151	401.196353	220.014689	257.298787	267.834051	180.301782	232.77743	213.306195	278.151242
M42	124.585429	126.79501	94.505906	226.527265	147.048261	34.506574	214.552856	137.921053	303.31677	140.764217	64.745814	214.03757	143.557774	237.488303	73.03985
M43B	31.1431	28.803087	18.592729	97.654731	39.237	8.78927	46.381146	31.0169	132.633602	39.2328	15.814878	58.945005	31.947523	91.844825	19.3562
M48	41.608176	116.318868	103.068639	57.511229	101.817312	8.724859	131.283864	170.247904	47.678379	80.40394	15.341291	82.552533	102.775383	55.892047	89.427779
M48A	44.076327	13.348723	19.323837	7.44823	51.294142	12.509093	25.829275	34.233085	4.771021	42.89537	20.735953	37.697407	31.902657	9.875412	22.987434
M48B	169.395795	175.047287	47.303913	210.160266	34.839705	272.809704	179.275167	75.105815	180.858147	21.039745	231.895391	124.003953	95.609486	178.551334	25.022559
M48C	400.87112	309.526617	378.736574	223.767776	358.859484	474.289597	262.119358	358.558332	207.150181	294.542905	439.592558	204.93475	363.68457	205.542817	312.443988
M49	0	0.428627	0.535628	0.436669	0.640708	0	0.756886	1.266304	0.347796	0.630106	0.005225	11.001426	1.419955	0.129529	1.23007
M50	113.068691	106.833521	147.499593	202.069681	138.742368	26.28951	130.397822	144.637056	260.221169	132.679088	47.464706	122.553282	169.847249	220.459569	98.436787
M50A	0.069455	8.93184	0	1.878937	0	0.501006	1.670092	0.1039	2.155422	0	0	41.39265	2.35485	2.270734	0
M50B	81.706116	153.497109	118.414199	279.463273	59.2589	119.753336	169.959392	78.474229	306.530227	62.413939	118.960075	130.891574	103.917407	294.385418	72.214837
M55	0	2.747598	0.178308	3.36154	0	0.033571	0.786754	1.493143	3.24547	0.240181	0.146557	3.45131	0.634543	8.52843	0
M56	143.869035	38.875107	78.000462	13.492734	181.586726	36.36318	69.040597	105.547241	13.993897	146.320425	66.499379	83.149844	111.325573	14.752993	86.1641
M57	0	0.628697	0.085573	0.053758	0	0	34.455793	0	2.432535	0	0.015794	68.00792	0	3.89921	0
M61	50.932336	22.908345	34.628765	10.92683	50.105725	11.265599	37.284633	42.187211	6.640082	44.473711	20.424445	63.077724	55.609511	27.960585	25.835297
M64	0	16.8955	0	74.0663	0	0	19.7846	0	101.135	0	0	24.206	0	76.6271	0
M67	0	0	0.149295	0	0.985877	0	1.23036	0	0	0.756491	0	0.410061	0	0	2.15279
M67A	0	0	1.914639	0	0.67495	0	0.303256	0	0	0.766301	0	0	0	0	1.0899
M67B	0	2.83965	0.49702	8.615306	0	0	6.904821	2.943278	8.367677	0	0	37.012802	1.72028	23.047012	0
M72	0.207798	15.333481	18.832983	69.356822	0.656681	0.100651	22.66408	10.1352	91.832733	0.578606	0.227997	33.062876	19.1184	88.496673	0.685416
M74	22.992379	76.654862	89.404056	86.23518	67.148296	6.667779	50.035419	114.102766	80.353574	59.267846	15.334962	40.248105	83.867862	95.437774	64.262552
M75	87.146109	77.573498	96.518697	60.208341	61.948104	145.885199	64.774192	66.762415	53.129647	60.966232	123.675223	54.751186	77.053497	51.599072	69.738745
M78	34.785613	169.21864	259.011704	111.041489	76.15879	12.988691	125.828503	169.474504	54.607227	121.559856	20.340243	111.001756	209.892864	83.266007	148.594536
M81	49.76886	125.63977	265.659948	73.840062	98.943249	21.169874	107.658769	153.513244	58.544275	146.073289	37.170382	51.324949	201.823295	58.839774	153.012946
M82	0	0.427779	0.139752	4.825477	0	0	16.90314	0	7.675448	0.005231	0.005159	8.95072	0	10.32323	0
M86	0	0.818425	0.17752	0.119956	0.097171	0.200327	0.379756	0	0.267342	0	0.068842	0	0	1.427732	0.111531
M90	132.411981	89.568248	58.508006	175.751166	65.999197	144.284062	74.424662	60.011061	166.651749	65.457028	136.498486	93.054011	78.587625	191.515415	40.980689
M95	92.725054	0.160867	18.4404	0.859156	8.36945	153.118043	4.29578	9.4994	0.28147	8.263807	119.444308	0.86911	18.9037	10.6747	10.186108
M98	0.120205	16.747761	16.4188	69.290378	0.29438	0.056846	24.40551	8.41589	86.175247	0.446181	0.099372	17.530288	15.5219	69.54587	0.563341
N04	0.109271	5.538229	0	3.887998	0	0	5.774387	0.064589	3.902728	0.003885	0	24.204151	0	2.418442	0
N06	216.146992	148.036349	190.869232	147.92558	97.982732	238.768108	151.681117	128.143348	158.792942	105.710805	264.250988	98.41843	159.933895	144.340647	123.523914
N10	0	29.002461	0.092356	22.754787	0	0	1.54491	0.339148	5.030278	0.006896	0	4.326272	0	7.525191	0.009564
N11	0	0	0.375587	0	0	0	0.266581	0	0	0.898601	0	0	0	0	0.480574
P01	59.011576	114.431239	120.780575	63.937865	124.470053	18.26572	118.337289	156.589466	59.119928	109.89447	37.44245	101.789707	127.266141	63.160754	97.439405
S01	34.2631	32.960947	8.75345	7.323297	39.1464	3.20155	6.187409	78.8802	0.635474	25.957	4.47115	10.953248	21.2542	0.726759	30.2885
S01A	93.551872	242.708134	320.726534	138.504875	332.488239	31.898735	198.357761	321.211024	109.961662	241.670354	59.804393	111.922271	281.959826	107.107069	273.934215
S01B	17.958693	59.856834	135.546602	112.191332	57.220825	7.651179	65.402966	43.295194	148.23337	52.881719	13.479908	50.722183	92.513057	151.956759	62.642039
S01C	287.384032	581.873196	408.30023	558.535059	399.759022	181.430822	569.656453	522.881991	499.96449	347.725173	217.069353	412.428999	432.410848	485.578897	293.107558
S01D	0	19.637939	0.691034	23.952476	0.051656	0	1.747277	0	3.851735	0.024786	0	4.350289	0.40926	5.417661	0.080467
S01E	0	0	0	0	0	0	0	0	0	0.049673	0.102757	0	0	0	0
S06	10.8209	1.144	0.282485	1.97745	7.33649	1.60072	0.253886	0.236061	0.856879	1.74326	2.22486	0.068321	0.171381	0.451638	1.26783
S08	0.317298	4.31021	0	3.17927	0	0	5.47597	0	5.335868	0	0	2.432488	0	5.87795	0
S08A	557.861724	451.948535	426.744754	694.742095	512.874967	487.091139	415.008145	471.058223	695.353516	428.411494	491.135009	432.442826	519.880519	594.693493	321.376457
S08B	13.024981	83.318059	0.213613	136.130114	6.959214	1.459922	23.495693	0.730484	115.65862	2.333018	2.475785	37.641578	0.472839	114.616186	1.286154
S09	2444.199261	2199.495609	2331.520005	1734.644553	2267.981704	2349.146021	2095.526369	2505.510383	1588.901704	2187.982926	2279.917566	2047.381769	2451.573157	1749.256476	1908.816285
S09A	133.379955	377.102496	195.611787	292.447042	106.902119	130.233207	462.812424	135.07445	203.937307	120.401032	135.831148	244.922656	187.658865	249.339831	114.445068
S09B	221.215778	247.870246	225.414687	203.791846	356.053431	66.700585	316.541483	303.57475	175.12853	335.382189	132.515026	267.813633	307.458038	174.500667	206.807234
S09C	153.285976	307.546008	231.662604	315.853578	187.781598	161.627779	386.050041	242.761626	239.632627	141.698423	153.240121	252.759826	239.770921	288.68655	146.247264
S09D	77.1087	25.561699	35.746401	5.935186	94.542345	20.83643	34.626331	64.129389	5.290512	88.892298	39.317266	44.60435	69.767292	5.892586	47.995408
S10	112.803594	101.930123	81.223781	116.875117	142.302859	29.656288	130.724502	118.113954	123.470569	133.615324	55.245511	106.307819	132.194129	108.960534	81.52524
S11	284.613187	302.113252	256.050262	222.991203	231.78268	296.540382	293.600563	312.242529	182.487473	207.877676	291.685271	220.72615	270.533911	197.337104	199.490351
S12	1046.014478	1292.520727	1445.417477	803.394096	1286.253985	604.568742	1427.760705	1324.556936	648.667344	1322.161809	750.868397	1298.971543	1513.864506	690.155279	1080.101755
S13	183.415449	82.49502	158.436666	107.970333	174.172211	161.284449	76.314536	149.676354	137.509344	156.267999	161.372248	96.190489	156.099432	123.96887	129.790794
S14	235.08485	532.539081	278.864979	704.527198	217.653361	210.527907	515.673114	332.995473	755.508922	186.868098	213.63834	396.161803	317.66218	673.795874	172.154653
S15	362.739425	81.146125	122.648764	71.727253	147.944134	323.792314	80.740335	129.006991	64.134379	137.612113	285.786553	86.001516	132.705248	71.240661	109.636841
S16	701.252977	582.931662	636.316472	511.651246	576.420653	794.483415	527.682729	641.07847	462.324531	550.010264	799.290063	439.424657	625.433026	482.953902	502.195091
S24	360.924572	493.568672	408.458746	515.917976	614.390441	331.677406	452.177961	511.764699	508.849915	447.359577	325.050088	363.5958	424.935618	482.659193	376.317477
S26A	131.711878	227.982739	142.102075	215.999577	134.740699	142.631523	171.731417	173.525446	205.596284	120.76472	145.185308	159.484897	154.183248	198.536744	111.401068
S26B	0	0	0	0.082148	0	0	0	0	0.026214	0	0	0.667654	0	0.92139	0
S26C	4.454509	90.353235	106.760317	44.412303	45.745926	5.024629	95.488301	48.053918	31.422892	54.405646	12.47045	78.709229	63.935987	24.270023	57.4042
S28	0	0	0	0	2.082024	0	3.10714	0	0	2.771427	0	1.40026	0	0	5.38136
S33	3589.449912	3240.356711	3487.612656	2021.044348	2603.1081	4119.770738	2732.709735	3113.95385	1773.624755	2616.945595	3766.760058	2883.723033	3183.62751	2054.441332	2701.6039
S41	0	0	0	0.314627	0	0	0	0	0.24148	0.594592	0.858568	0	0	0.482478	0
S41A	437.04804	345.68841	336.1432	522.362984	366.73967	327.836901	439.379434	345.246711	617.388088	347.786538	335.012367	372.599504	391.425953	543.866643	259.777779
S41B	104.468486	101.708344	102.391334	194.8624	136.070509	28.071647	102.470197	126.291495	212.439246	126.076119	54.125454	126.505787	148.433869	178.888887	67.313915
S45	396.039387	203.07119	223.247121	90.093931	313.705061	342.325731	243.996175	291.506631	65.24398	287.017497	309.468312	276.837686	283.766276	112.173493	202.319466
S46	0.267807	0.427475	2.21532	0.302451	0.02389	0.09106	1.963999	0.916593	0.328329	0.032889	0.012994	4.142007	2.690264	0.251197	0.013278
S49A	154.274421	215.028716	196.718811	235.278405	117.479774	145.379109	200.405054	216.891222	203.716157	129.495952	134.139289	146.273226	211.803038	182.39474	123.778698
S49B	135.179918	95.64662	46.265034	60.631245	76.206204	128.113239	112.563143	63.490939	75.804827	48.225834	117.230049	97.591987	43.846851	73.72666	53.557336
S49C	549.396081	365.223666	354.53735	252.688461	393.521327	598.027458	476.882226	421.910214	184.262708	371.520231	584.684129	367.996189	420.188681	234.591238	296.621748
S51	0.113576	9.480538	2.080075	18.09926	0.699443	0	57.763488	1.143101	26.850163	0.466118	0	49.602114	1.87954	37.343509	0.070501
S53	0	0	1.106295	0	2.919087	0	1.966556	0	0	3.530309	0.020133	2.029212	0.070974	0	6.385598
S54	426.668909	486.935029	424.710538	510.787521	457.693858	336.806328	393.983712	516.489171	463.129433	383.830913	363.422723	404.067164	459.163706	505.470668	339.348176
S55	0	0.34649	0.02529	2.97047	0	0	0.63047	0	4.04142	0.016808	0	1.46191	0.091784	6.78413	0
S59	0	0	0.24109	0	0.417424	0	0.334488	0	0	0.738404	0	0.421709	0.045712	0	1.104454
S66	53.158522	16.56511	22.420625	16.085105	68.053051	12.967356	37.402533	45.303985	15.882908	47.724803	21.116421	50.156282	63.532671	33.315376	26.419965
S78	77.01191	225.436055	228.16047	106.530712	147.18829	22.587866	263.42864	250.680261	69.809645	173.555896	43.880688	125.100449	218.936719	84.671035	155.903971
S82	29.4492	14.27348	19.053016	19.79699	42.809212	8.34964	18.74875	36.6499	23.91715	40.53394	16.1111	18.799199	34.3763	8.28551	22.15222
S85	322.008451	187.274231	168.351431	170.741577	195.482781	404.869872	244.063658	144.653152	225.380005	127.654497	322.408212	185.273651	179.09251	189.253213	160.157158
T01	55.436905	177.504767	146.696931	95.737531	117.79858	16.462992	71.66483	189.989663	58.504861	102.483689	22.280006	95.813586	149.82858	72.559597	112.728127
T01A	0	31.284775	5.722655	33.911476	11.45868	0.077935	30.146081	4.651226	47.582557	13.268308	0.058491	82.587868	3.85851	45.703214	24.08718
T01B	213.909365	241.846741	176.944067	143.638817	232.710677	241.218007	233.005405	238.259862	90.098627	194.360063	229.987759	141.905372	202.7695	110.568457	191.120461
T02	80.189293	134.026742	47.041531	154.400747	99.689446	21.268466	254.526695	72.612055	178.572498	94.837369	42.88649	163.246653	79.761699	153.130654	51.127237
T03	260.852092	431.308057	439.959965	317.060602	375.704739	173.531605	329.302117	404.612784	331.318475	359.779428	205.926249	377.537502	416.030895	318.662569	339.924026
T05	86.651605	88.214756	88.868944	64.651194	82.935679	131.495623	55.290292	116.328408	61.554999	75.933462	132.938109	68.285432	84.346377	61.986721	87.783597
U32	242.061796	83.550256	1.524676	44.968186	25.162393	419.149877	36.654105	1.899215	37.29768	24.433037	355.36752	105.37687	1.545836	43.77479	35.472911
U56	0	2.3021	0.087928	5.175565	0	0	2.233268	0	8.03642	0	0	30.11643	0	12.4504	0
U69	102.050042	107.206353	19.026104	144.254298	53.96349	103.853005	96.806489	141.324308	138.452863	34.652799	96.586149	102.110871	52.187442	110.610934	34.246164
U72	0	1.528958	0	0.414597	0	0	1.053083	0.481474	1.004192	0	0	3.263915	4.84784	1.62962	0
X15	0.948732	0.956606	0	0.160987	0.219577	0	0.147419	1.375183	0	0	0	0.808778	0	0	0.253297
X20	140.762774	150.969386	116.297789	90.273405	129.277617	137.154815	141.973327	147.713376	63.157692	121.396399	136.114577	119.750043	120.497078	76.484056	105.950771
X52	165.279421	165.968464	94.04546	64.727397	96.521487	233.171374	130.474769	105.948362	46.420898	84.838151	201.487418	101.843354	78.047581	55.848154	101.894124
