ID	coculture_1_0d	coculture_2_0d	coculture_3_0d	coculture_1_9d	coculture_2_9d	coculture_3_9d	coculture_1_70d	coculture_2_70d	coculture_3_70d	coculture_1_450d	coculture_2_450d	coculture_3_450d	coculture_1_720d	coculture_2_720d	coculture_3_720d
AA0	152.705667	192.112096	147.807297	195.254831	140.810307	152.044729	173.82959	155.546914	175.885976	125.181294	147.622566	126.137292	164.334012	169.835178	113.087466
AA1	146.584912	87.75135	8.638813	106.30716	42.661374	181.354574	52.965358	47.192854	122.475551	26.229634	162.467477	109.901425	25.095551	112.18187	30.487849
AA10	1.051383	37.412465	4.169025	11.321591	14.036662	0.20722	10.608913	7.330396	18.494192	13.509239	0.176845	24.886681	9.27478	21.572537	28.751385
AA12	58.613723	21.151922	42.17796	14.145489	97.964305	14.673511	37.918277	50.616641	14.385148	73.369413	29.324838	83.196724	65.272335	23.526793	43.781025
AA15	0.269117	1.510711	0.971776	1.007728	0	0.103098	1.899906	1.01762	0.857592	0	0.04191	3.82626	1.209314	1.625865	0.555192
AA17	175.997835	170.608871	109.249129	110.510381	111.681929	244.871851	102.062773	116.436021	81.482075	92.718426	223.938956	124.071878	91.283028	91.582016	104.988
AA1_1	24.281434	33.401762	74.540923	3.830243	59.39536	8.019943	19.350675	71.214951	4.503897	57.121987	12.126218	11.073067	61.611714	7.171995	61.677505
AA1_2	0.174222	34.744217	0.492339	50.20915	0.312675	0.015434	8.374814	0.553822	53.050831	0.251163	0.038997	64.725484	0.80543	39.044497	0.124922
AA1_3	18.834858	28.199952	5.242453	14.565333	26.039134	1.730106	10.736152	47.220546	11.292587	15.089252	2.242867	18.887308	20.618497	30.232217	15.133508
AA2	326.071869	297.377193	287.13215	286.405973	329.145783	265.456126	478.089255	284.550256	360.44423	290.842311	277.798605	535.283485	304.075069	429.162418	223.617627
AA3	190.859583	98.425004	128.961229	109.624665	139.392553	241.531988	85.077949	174.266907	105.816635	128.227998	243.58267	105.330908	144.74653	110.920253	115.599429
AA3_2	444.42477	321.591664	261.731711	441.217112	227.561393	559.437034	237.269845	357.86432	441.639179	189.068391	482.538118	223.252336	288.57562	383.590748	204.813421
AA4	461.594473	455.001153	460.071075	265.939189	458.367944	424.540296	259.782366	760.538214	219.747605	365.816044	411.190905	336.414748	449.74435	231.066325	451.577128
AA5	0.067925	0	0.532083	0.031894	1.950718	0.030573	1.673286	0.152414	0.067227	2.043854	0.066883	12.950959	0	0.152607	3.950702
AA5_1	95.364302	66.23674	1.059539	41.200086	8.595585	157.797686	82.710703	2.333606	40.208001	7.986773	129.098864	82.419634	2.485245	56.109488	13.440871
AA5_2	115.004	0.438385	0.099534	7.21605	7.80859	116.822	0.874549	0.048733	6.005768	7.916036	76.0136	1.717387	0.035398	18.57356	8.54492
AA6	235.193772	99.911622	21.386896	149.279507	34.206568	409.105119	57.636783	93.194745	133.08525	25.436352	342.439862	81.643695	57.569036	102.991803	33.760292
AA7	0.249813	2.198535	0.140775	9.438357	0.021319	0.028354	3.549928	0.452244	16.41129	0.105934	0.080278	4.733517	0.058241	20.378	0.445324
AA9	83.922293	184.545678	211.956613	116.978046	173.022644	16.533786	93.060892	297.298001	83.288065	152.350829	27.838996	107.131083	196.550189	91.060205	168.509456
CBM0	180.489773	114.517494	168.211033	173.519598	157.681483	146.2769	118.410718	109.802437	201.747515	159.324082	150.278028	141.845379	166.727508	200.287356	148.344744
CBM1	0	0.678277	1.27654	1.084576	6.49523	0.240276	1.372031	2.53006	4.865183	1.992935	0.160596	1.793708	13.252551	2.838564	0.423844
CBM10	499.296643	156.44118	13.767835	135.105334	52.834341	736.885083	89.740061	51.869742	110.178649	41.349374	568.100284	118.931863	39.963487	114.073948	54.539865
CBM12	38.471299	77.977618	34.551836	226.492198	44.480335	9.41561	70.467941	39.842069	281.811342	39.841924	18.147126	105.585108	47.835847	219.687373	19.918106
CBM13	841.79818	867.598074	500.180741	1617.134984	579.400081	894.029774	978.849453	672.139696	1751.037783	499.217885	830.659998	1048.786266	628.258596	1794.652256	398.772887
CBM14	21.492931	83.152431	90.961006	58.989322	66.412367	6.646163	52.053471	110.05863	48.139254	62.048894	13.493326	55.880696	86.847174	44.211999	70.485482
CBM16	27.8763	20.708026	17.247938	18.113682	37.2792	7.16419	14.061422	29.541246	21.888989	37.3856	14.4608	32.273949	29.27533	21.32448	17.5187
CBM18	134.817099	6.064734	14.167426	8.101406	56.194393	178.248417	64.875287	1.105581	5.794217	72.574867	138.909193	57.398716	1.841165	10.002118	115.743691
CBM2	479.797291	457.061294	236.741378	1105.830242	206.123651	630.620965	416.544289	183.495775	1210.806672	165.791008	570.073395	519.015307	246.004234	1735.519258	168.342791
CBM20	202.486432	228.768946	160.109075	269.993476	134.012446	222.985167	233.409002	164.63258	280.226682	118.841739	213.625435	221.277448	176.54976	288.685599	109.266034
CBM21	0	0	5.92167	0	7.9017	0	8.87534	0	0	19.39326	0	5.12066	0	0	32.96472
CBM22	0	25.143372	0.054809	20.257739	0.728616	0	0.964478	1.457683	3.802172	0.012113	0	4.970321	0	7.310216	0.034087
CBM23	187.773528	68.67275	39.186823	67.501431	73.128662	184.385552	29.952844	44.360536	50.70009	60.334762	154.630949	64.501656	63.035539	83.466898	35.358928
CBM26	0	1.107751	0.723319	3.448343	0	0	0.673122	0.998385	4.470013	0.4297	0.579701	2.175222	0.102367	7.755281	0
CBM3	0.04068	7.570176	1.317185	15.247277	0.406876	0.008693	29.180331	1.187885	22.090338	0.75817	0.041309	33.287533	0.961427	36.17187	0.057439
CBM31	4.646888	29.396605	87.50542	4.210696	44.983683	5.796585	17.802898	27.93216	4.944521	50.249921	11.330225	10.182834	52.756241	4.248781	51.234144
CBM32	285.156082	360.386422	183.952682	327.665365	238.538423	322.657565	242.12301	235.920054	320.400165	217.923945	310.932389	296.368319	219.667909	392.095335	180.470136
CBM34	1.661278	2.684704	0	0	0.258249	0	0.212604	0	0.121025	0	0	0.605497	0	0	0.188713
CBM35	319.792525	230.025358	189.153525	338.914619	416.766542	87.315633	280.032402	307.302268	435.122657	372.31798	158.000147	361.069152	347.057834	432.758932	201.394229
CBM38	106.025754	115.69089	47.680437	127.838939	135.70384	24.781063	123.068928	124.058748	179.705288	101.071871	38.559856	116.542363	108.184958	243.327532	63.335934
CBM4	61.555852	78.983651	20.457636	178.729121	64.498341	13.72208	65.017159	33.795943	235.88942	45.824997	24.224069	105.207866	36.519291	196.037097	25.789056
CBM41	469.917371	94.278233	235.995801	56.148758	76.690841	702.683015	80.769976	104.882153	40.43458	112.22826	569.189631	49.789785	166.570411	68.118892	144.1619
CBM43	531.963863	533.101526	462.706303	489.401166	365.798425	674.445329	392.652942	381.325812	497.265466	352.526416	622.274544	501.506299	410.286234	513.214296	346.490719
CBM47	160.259319	209.658585	139.744647	259.904727	193.21088	39.317006	206.005294	158.17877	315.233417	167.354035	75.763529	184.631539	213.216324	332.665077	88.387783
CBM48	686.289095	499.427256	278.947896	888.258061	425.453426	683.258165	549.230719	402.917505	1026.943395	348.500185	635.85525	630.541114	357.814119	967.671892	253.615187
CBM49	0	0.452084	0.024751	4.93333	0	0	0.676973	0.123603	6.0955	0.005487	0.005413	2.8622	0	9.9802	0
CBM5	27.001405	240.85667	23.984829	496.331454	52.334799	6.489596	188.543261	45.354809	501.026808	27.776145	12.476472	172.161128	31.024863	342.732374	27.04978
CBM50	5534.515031	5196.175265	5067.053381	4578.199139	5065.290499	5805.382863	4439.846274	5595.816318	4413.21204	4385.286499	5582.224661	4488.193044	5137.414714	4503.319819	4241.58847
CBM51	99.893944	247.625517	140.147779	473.639838	69.092344	128.527632	257.632881	77.950342	591.315065	87.231452	126.237354	286.346695	138.638203	790.526491	74.446829
CBM54	74.264744	28.999552	31.731715	16.35762	82.687326	18.591284	18.899609	63.108916	12.249514	65.956905	30.041119	56.645721	65.354176	23.262908	36.96225
CBM56	65.763085	27.285286	6.864892	59.919956	12.48537	107.679625	54.119695	33.547641	61.577435	8.90338	97.899399	53.98131	16.691341	81.125396	9.583647
CBM57	161.516266	201.403855	141.155223	387.717912	121.710839	130.300051	195.675263	130.934335	448.961479	111.341669	133.08874	188.089984	156.660535	417.216889	100.055804
CBM6	852.747921	628.538386	394.878851	502.48946	614.33685	755.199677	551.167282	600.636673	466.56406	568.451007	749.957449	544.976158	526.043496	517.356493	426.618958
CBM60	0	28.382039	0.15522	44.77287	0	0	4.314622	0	31.55914	0.036127	0.009722	10.553433	0.120832	21.9121	0
CBM61	59.3101	16.2274	38.6514	2.590814	84.845094	18.57074	45.2046	68.6273	4.143987	84.53	33.933888	42.21905	73.4096	4.156082	43.9536
CBM62	0	6.534273	1.01675	3.950217	0	0.001649	5.345366	0.101931	6.496597	0.002983	0.001962	11.420908	0.972277	6.745044	0
CBM63	0	20.4563	0	17.5537	0	0	0.817744	0	3.2769	0	0	3.12024	0	5.09334	0
CBM64	27.5464	7.67033	16.783123	1.13804	41.3678	8.83312	8.44326	30.6975	1.27394	37.353163	16.9344	14.313056	31.035643	1.08757	21.4473
CBM66	27.161297	80.105213	46.317401	78.398226	69.677424	7.863006	47.935513	68.430846	102.449222	45.470006	12.43017	98.290099	47.614315	166.49348	40.827643
CBM67	45.500577	85.416487	36.883001	116.12423	51.169693	10.691488	105.818209	44.782378	177.728061	43.178494	20.612675	95.034393	48.269282	184.485117	23.416492
CBM72	0	0	0.168886	0	0	0	0	0.205431	0	0.035081	0	0.595053	0.451405	0	0
CBM73	28.1356	27.58485	16.887	18.466816	38.4592	7.9548	9.780947	31.5445	4.10291	39.862997	18.8631	19.414007	33.4715	7.269519	21.1302
CBM8	12.0921	1.08571	0.028505	2.28821	6.77755	1.5236	0.183031	0.284229	1.14275	2.04494	2.21822	0.205688	0.310049	0.600629	1.20558
CBM84	0	0	0	0.070754	0	0	0	0	0.01097	0	0	0.438874	0	0.751944	0
CBM85	0	12.9062	0	75.065692	0	0	35.1653	0	98.64835	0	0	28.3051	0	77.855399	0
CBM87	0	0	0	0.136658	0	0	0	0	0.027776	0	0	0.53157	0	1.07484	0
CBM88	84.142819	0	0.070176	0.008284	6.765923	117.789665	0	0	0	5.926407	99.175779	0	0	0.0305	7.682869
CBM9	50.1024	32.73128	21.775754	44.331665	46.90822	12.120258	62.349824	35.167733	52.135029	47.703882	21.15219	79.211502	36.88992	89.659613	22.249173
CBM91	0.125871	7.286789	0.413524	8.77978	0.474415	0.042328	27.851137	0	11.358578	0.812813	0	6.636854	0.206543	17.9556	0.76606
CBM92	0.079478	7.639059	2.255332	3.33481	0.049075	0.090377	2.900231	0.589175	9.772698	0.026296	0.085238	69.689038	0.925715	15.245827	0.069235
CBM96	1.055764	37.880247	3.515887	35.9633	4.277765	0.441951	69.816847	3.5707	42.566876	0.949619	0.338565	29.231018	12.009146	38.861567	0.418675
CE0	443.241743	422.325315	372.414756	445.456847	549.604847	236.373597	412.99408	507.704645	469.755081	490.838964	311.298227	494.166978	501.968276	502.558872	336.956702
CE1	0.470564	20.478656	61.493203	7.539689	12.3018	3.544445	20.782871	18.6403	10.651642	34.888482	5.52261	9.078356	41.244204	14.476249	34.037498
CE11	337.514382	453.490165	337.780748	392.447553	310.225563	358.301271	343.384181	368.931876	314.253772	258.543369	326.956176	298.137747	318.23113	326.029021	264.48991
CE12	212.753107	289.248183	122.83523	289.107171	227.08425	174.680795	202.859536	307.805004	271.89175	170.530406	179.007553	313.916186	199.4315	291.115463	128.653463
CE13	0	0.132798	0.043419	4.95662	0	0	0.86346	0	5.06713	0.009427	0	1.99242	0	9.32927	0
CE14	527.229692	460.345425	473.267963	522.597989	614.308292	348.633498	460.373758	638.962407	562.658961	527.145906	395.971879	488.132148	588.509305	547.19908	414.773049
CE15	32.1896	25.810851	19.349172	9.114995	44.0129	9.48798	24.211512	35.25024	12.963344	38.9001	16.963675	44.526057	36.855372	17.477042	21.5905
CE19	53.8218	67.192316	19.845055	51.672483	57.39067	12.33869	73.669622	36.919574	77.068141	44.356034	22.796617	49.852016	35.047684	105.13566	25.628022
CE2	0	0.622987	0	0.028812	0	0	0.125603	0	0	0	0	0.569642	0	0.139478	0
CE20	46.760022	50.394398	21.433791	110.804107	53.339541	11.56279	93.145764	36.564265	137.357667	45.881406	20.354872	112.927943	42.080715	139.985102	22.92718
CE3	0	26.34536	0.48529	22.67916	0.319529	0	1.087768	0.802065	9.30996	0.032185	0.004324	8.85315	0.248214	9.29091	0.012234
CE4	473.909776	738.470422	583.241043	452.048241	530.616804	342.396024	480.02968	914.430984	327.32159	476.995172	322.439347	533.118707	670.541919	364.915551	477.227785
CE5	2.694907	28.247928	12.17842	20.388822	25.3598	2.18461	20.286138	5.478855	47.468176	17.235	4.61671	105.015869	8.296553	59.64728	14.800459
CE6	140.11808	90.715244	65.254028	45.470146	170.945826	36.061465	122.922376	114.7627	55.286192	139.132471	69.243947	101.767126	113.360936	71.727664	80.729952
CE7	0	4.35494	0	3.18742	0	0	5.07155	0	4.92437	0	0	1.10752	0	6.03382	0
CE8	812.126788	692.415262	734.102154	797.134537	590.473278	904.66092	700.183813	588.694707	843.106198	616.512696	847.798461	848.792461	705.414377	762.434714	577.295587
CE9	419.104167	370.664691	112.423946	583.018222	198.072477	555.073455	316.456396	199.445962	650.30294	136.051127	462.614212	357.854129	192.641509	580.059759	116.811922
GH0	2267.050844	1908.357766	1476.461137	1745.322415	1968.002723	1790.039103	1807.178869	2282.755564	1793.370247	1667.128433	1784.341725	1861.510796	1837.802456	1834.944779	1348.906979
GH1	1551.534534	1883.464402	1426.421514	1889.794722	1692.260256	1558.035031	1393.015193	2294.74121	1737.776173	1327.857762	1544.449958	1405.545966	1597.024263	1653.652715	1297.329829
GH10	156.637462	90.815936	52.331579	46.376384	155.53345	29.405597	94.784337	159.948659	49.462084	125.148893	50.354759	125.591911	99.837917	74.027968	79.155281
GH100	0	1.53917	0	1.16689	0	0	1.273086	0	0.896438	0.10021	0	0.381331	0	0.430061	0
GH101	70.184905	129.248045	127.328755	84.517417	135.881613	20.412076	137.711572	165.052977	67.583591	115.892522	36.065038	163.162827	138.862134	79.276689	102.098752
GH102	27.568563	142.787512	94.348632	94.004334	70.777171	7.386329	153.414939	123.817463	78.287069	65.743731	15.558747	82.34407	96.001421	76.386959	64.248361
GH103	650.632427	739.340464	737.192758	570.152955	552.610537	794.00465	566.594267	665.822904	481.929306	503.925217	734.853411	490.298004	641.519082	483.451614	562.143869
GH104	0.225157	5.344822	3.902103	8.618086	0.527606	0.024017	3.6277	1.758981	7.493123	0.55401	0.061095	10.474858	3.285515	20.402737	0.329236
GH105	34.699125	133.545543	44.358399	128.439838	70.889872	6.817171	74.203793	159.912118	119.598079	40.757389	11.889304	103.953674	81.473924	122.641549	36.72072
GH106	21.031	10.82375	0.281899	9.078399	13.127	2.69183	1.020781	0.477348	8.735015	3.42637	3.95122	6.394027	0.359014	5.370266	1.974046
GH108	75.750276	284.513641	429.655178	60.00453	262.585426	30.804427	284.530234	291.619283	83.414949	258.911978	50.600084	154.700052	337.969118	115.302703	293.655953
GH109	87.046732	48.952375	48.055269	32.440523	105.925508	21.486499	37.37602	81.48889	21.359053	101.117952	41.821147	59.734945	78.926474	29.73883	51.332097
GH113	50.2003	27.142776	20.731268	76.974682	52.839013	10.592711	41.9494	34.792311	97.534644	45.70384	20.826956	53.37189	36.41183	96.896507	21.78313
GH114	45.863174	15.497768	25.43769	10.850217	62.192925	13.081534	28.323499	49.969978	9.790358	51.500787	23.092054	44.282043	55.904775	19.497568	30.605893
GH115	41.284466	51.287774	32.037756	37.156277	75.364279	8.242633	35.067017	71.989013	51.451039	43.629756	14.080537	139.236611	25.498464	79.445334	48.830755
GH117	44.14754	49.292832	30.094677	58.99002	55.99336	11.006243	58.921211	72.1336	54.78037	54.730854	24.031245	44.895297	62.1567	72.75878	29.147286
GH12	94.74146	155.21896	142.074695	122.205679	134.701775	113.22985	191.754003	157.063558	99.252219	106.43091	113.931903	130.521042	124.075224	86.324819	110.371086
GH125	157.954764	236.82508	167.014983	164.953545	117.764741	206.220835	215.802985	147.329902	134.897985	106.487891	170.932073	239.022341	139.529875	167.962336	134.325733
GH127	10.7812	1.399823	0.071218	2.042996	6.335422	1.33139	0.312021	0.593371	0.977674	1.71748	1.95914	0.916493	0.517901	0.479595	1.233273
GH128	84.4913	9.006583	1.79695	8.758453	15.996685	130.729676	20.122327	0.934443	8.683738	9.540821	114.596932	44.586132	0.756568	15.430213	12.404022
GH13	1237.184907	929.056586	826.89125	1048.322268	741.162411	1638.469845	846.222948	821.850688	1005.153872	706.641072	1613.248817	818.926827	906.116934	1081.687082	618.297242
GH130	295.34327	324.164552	222.007088	325.680434	314.291515	250.307456	316.172609	480.346711	211.531219	232.047028	262.848317	264.668311	307.162355	196.443869	196.547692
GH130_1	0.119712	5.228947	0.055766	5.692904	0.380944	0.332302	1.301371	1.261442	6.931488	0.225467	0.045129	7.583718	0.06523	14.106848	0.089774
GH133	33.811719	20.60596	32.3384	58.732472	43.659948	9.398321	31.65402	40.0742	77.041229	41.712131	17.900389	31.93769	46.7804	68.59065	22.138629
GH135	1.52689	30.164745	125.750536	2.057763	28.083445	5.373517	27.929819	38.615712	0.729118	43.634102	7.588642	5.719182	90.118427	1.46985	67.267154
GH136	0.422226	0.486389	0.213571	0	0	0.160622	0.146801	0	0	0	0	0.266937	0.168953	0	0
GH13_1	0	0	0.142723	0	0.952997	0	1.579124	0	0	1.055811	0	1.917327	0	0	2.600946
GH13_11	280.01911	207.877681	192.903	197.817946	223.805944	315.967615	182.95248	235.085232	203.506307	182.906526	288.152716	189.777601	197.351281	200.150339	178.948807
GH13_14	0	0	0.971716	0	0	0	0	0.642886	0	0	0	0.372458	0.799266	0	0
GH13_16	0	4.7681	0.411243	6.82699	1.46809	0	4.540663	0.280068	4.596555	1.689071	0	23.184582	0	4.887899	2.836697
GH13_17	55.096888	87.997162	34.935256	63.20971	72.107587	10.945132	110.887322	133.350322	51.720213	62.2518	19.907542	81.408942	74.308694	48.537496	40.809772
GH13_18	100.26894	68.924572	97.70833	57.325656	80.24411	127.24192	53.667761	117.777543	54.268896	71.749419	110.4228	60.609405	87.371012	50.180118	79.979067
GH13_19	86.993796	1.508067	0.340795	4.604673	12.884395	116.88816	16.404257	0.724943	2.864891	7.550501	109.58237	7.290594	0.359154	9.266984	10.135957
GH13_20	0	15.010741	0.036794	70.17104	0	0	19.301263	0	94.5829	0	0	23.7022	0	78.22165	0
GH13_21	0	0	0	0.272073	0	0	0	0	0	0	0	0	2.38897	0	0
GH13_23	247.913794	218.830753	168.093323	213.330357	214.351939	277.573058	185.192489	232.355185	217.368475	172.162351	259.830622	186.198006	191.228384	223.346443	158.588025
GH13_25	0	0	0.469065	0	1.53177	0	0.680007	0	0	2.5809	0	2.19641	0	0	1.845163
GH13_26	96.863757	108.495823	113.441462	82.570848	86.919864	122.46716	56.779395	113.590034	64.291513	76.363744	114.688765	104.816532	101.99625	80.615564	91.084841
GH13_29	52.018998	165.365627	141.108105	67.883053	112.909841	16.391571	133.689251	109.863429	61.708364	106.754102	31.772648	160.921879	120.613309	103.072669	90.002436
GH13_3	0.526154	1.792376	0.045453	4.978453	0.502139	0.103613	0.931816	0.453578	2.70757	0	0	2.113945	1.360425	1.677364	0.411818
GH13_30	245.678005	281.544944	296.844729	339.069893	327.5999	163.469907	319.251864	354.112112	367.08184	322.305708	202.07422	262.157553	334.451826	295.628778	239.321754
GH13_31	344.77302	394.874397	293.891406	331.728883	255.8826	433.969332	446.667938	351.210358	288.463118	224.033605	392.415578	303.492766	295.319212	286.09135	231.081834
GH13_36	39.5126	23.22248	21.059765	70.947471	44.00878	10.9061	64.846555	33.7919	96.972168	45.27092	18.793184	74.70168	40.5478	75.022036	20.9282
GH13_38	39.3965	10.125931	18.865293	6.694124	48.81379	9.975835	9.860321	30.977256	3.057843	40.56961	20.143351	26.209574	32.756522	9.849332	21.35812
GH13_39	392.027433	194.624674	114.592058	133.463271	297.530004	353.774142	95.144025	155.30658	57.195218	224.446353	423.408711	170.637234	195.656382	102.361649	160.2661
GH13_4	42.046683	15.266967	17.970705	11.252094	46.014412	10.458793	16.064153	30.771398	9.293117	41.702475	18.613469	31.947475	36.812492	16.579661	21.842762
GH13_40	0	2.39788	0	5.85867	0	0	4.26529	0	8.15991	0	0	2.45956	0	8.90658	0
GH13_45	0	0	0.755764	0	0.06	0	0	1.0402	0	0.043775	0	0.301387	0.764096	0	0
GH13_6	0	0.53501	0	0.022954	0	0	0	0	0.074662	0	0	8.11282	0	0.113375	0
GH13_7	46.1947	10.647667	26.5552	1.96109	56.19	12.6594	30.260247	38.7643	2.993522	54.4514	21.385622	50.00379	46.3689	3.378864	29.0851
GH13_8	0	0.141589	0	0.016203	0.596393	0	0.412371	0	0.131743	0.578284	0	10.70777	0	0.109993	0.972661
GH13_9	0.292333	0	0	0	0	0	0.209871	0.658196	0	0	0	0	0.160818	0	0
GH14	0	0	0.083436	0	1.018844	0	0.8518	0	0	1.484573	0	0.299337	0	0	1.570333
GH140	0	15.89725	0.097636	2.765597	0	0	0.452274	0.487158	1.882461	0.122832	0.064136	18.43027	0.365982	5.450257	0
GH141	0	16.88507	0	10.4385	0	0	14.41965	0	17.18559	0	0.004861	6.60497	0	18.42772	0
GH144	32.7086	27.224116	20.543037	72.995788	45.768	9.774866	61.690934	35.1829	102.419333	44.285582	18.6061	63.6492	34.8207	80.388648	21.361875
GH146	1.109752	0.181056	1.494112	0.542343	4.958965	0	2.495835	0.18644	0.066482	6.372267	0.08759	8.168635	0	0.270508	14.003427
GH147	0	0.161969	0	0.02469	0	0	0.114821	0	0.087031	0	0	9.94267	0	0.106855	0
GH148	0	0	0	0	0	0	0	0	0	0.144156	0	0	0	0	0
GH149	41.737044	9.425349	16.864858	3.541429	43.810831	9.3131	10.161674	32.07925	2.271083	40.277643	16.634818	17.427877	33.985776	1.609067	18.47759
GH15	580.261253	660.750853	501.517891	657.510299	516.946944	562.833154	556.994216	531.507619	732.224693	450.103458	545.196614	675.256522	488.466964	727.356538	429.600217
GH151	0	13.653	0.023307	1.81807	0	0	0.075062	0	0.08799	0	0	3.64073	0	1.29228	0
GH152	178.566136	125.197217	52.614776	107.04643	118.041873	154.87468	72.441823	112.952453	53.54687	102.644289	149.147292	115.554391	91.946292	76.481458	66.998094
GH154	91.309973	408.876146	131.765083	444.669682	223.115629	18.427252	245.918017	515.327731	305.877712	126.059004	34.36191	215.736267	265.2942	328.863134	98.468026
GH158	0	21.7453	3.028196	78.248984	0.177398	0	20.247086	0.772541	100.658974	0.016545	0	25.565265	0.925407	81.8736	2.519179
GH159	0	1.459176	0.028892	0.742318	0	0	0.854323	0	0.553621	0	0	9.288943	0	2.864152	0
GH16	72.982106	116.247916	119.769714	81.963226	141.039767	20.287797	160.865977	155.864959	125.385701	124.009764	34.535468	108.953836	131.61936	129.032719	106.667558
GH166	0.139792	0.655551	0.078653	0.027798	0.160797	0.052965	0.268642	0.353978	0.030334	0.01751	0.024133	0.857957	0.20264	0.013432	0.678685
GH167	0	1.15661	0	0.077322	0	0	0.126606	0	0.191464	0	0	0.774411	0	0.054382	0
GH168	0	4.9024	0	3.03233	0	0	4.71035	0	5.1092	0	0	2.6974	0	6.71512	0
GH16_14	0	0	0	0	0	0	0	0	0	0	0.45975	0	0	0	0
GH16_17	0	22.02647	0.118513	6.094572	0.033616	0	50.683103	0	7.975662	0.013064	0	13.137472	0.429295	10.540835	0
GH16_18	114.734689	28.522277	59.634727	12.126924	142.71282	33.11272	33.988274	107.763301	7.174659	137.68038	57.38865	56.851865	113.562327	20.202284	71.11123
GH16_2	0	1.092839	1.558518	2.261577	0	0	2.721234	0.580175	5.749236	1.64739	0	4.439445	1.52255	9.160915	5.17921
GH16_20	0.409155	10.203391	1.869014	9.918197	10.744326	0.297619	10.428061	2.858112	24.26571	3.835482	0.180401	44.355553	11.912953	33.735293	2.547845
GH16_21	0.300466	0	7.39321	0	26.91043	0.695642	0.030324	17.99004	0	5.036912	0.781805	0	56.24121	0	1.539112
GH16_24	17.1257	15.137934	6.028827	1.1169	20.7756	1.80416	4.257241	41.987371	0.890128	13.15174	2.399763	5.731956	12.789704	0.520791	14.9565
GH16_27	108.228869	101.279026	107.925484	91.905309	81.885927	130.821855	76.968544	93.083202	74.259117	80.933835	127.247437	85.10307	105.053179	71.297976	75.273137
GH16_3	226.548095	159.597227	124.926797	294.862546	274.358693	61.497325	219.814077	191.113973	391.532428	225.199107	104.647678	317.615724	264.010339	353.554486	122.808801
GH16_4	2.526237	8.37805	17.8489	5.991679	31.2154	2.74303	1.802077	4.832134	3.016252	20.2198	6.114384	0.555311	6.337428	4.128461	18.5784
GH16_5	0.098808	0.443337	0.061682	0.095636	0.06032	0.023215	0.128836	0.332375	0.096962	0.011934	0.011729	0.17955	0.064289	0.12212	0.038314
GH16_7	0	8.984879	0.157443	8.824112	0	0	2.201323	0	21.62916	0	0	11.680779	0	13.549905	0
GH17	138.679072	95.735014	59.522516	122.093241	146.529757	30.615834	61.561938	106.492518	132.966785	133.303743	55.826792	136.965767	103.111629	98.132952	60.774637
GH170	51.624232	31.366969	38.146734	87.625211	58.470705	14.77552	62.356076	53.203747	103.045053	49.043083	23.27311	59.779831	62.990938	88.352073	28.883684
GH171	469.512357	394.911884	508.208515	424.903893	475.836371	319.67152	468.827083	392.240735	466.104539	464.248373	361.186195	518.889413	499.187234	456.815407	372.315292
GH172	0	0.105309	0.069017	2.7169	0	0	0.551953	0	3.4657	0	0.014965	1.3412	0	6.41407	0
GH174	0	0.177299	0.029089	4.15343	0	0	0.863557	0.072494	4.96268	0	0	2.14046	0	8.31881	0
GH175	27.3855	39.478191	5.561994	9.656035	28.917773	3.177317	48.319473	49.06504	4.469688	15.5803	4.865681	16.411738	13.895712	17.303051	16.538959
GH178	0	20.837787	0.105037	2.236601	0.089577	0.060307	45.784386	0	1.732788	0.022404	0.02251	10.577726	0.093745	2.200977	0
GH179	0.111275	9.057164	0.565239	6.757243	3.537412	0.049775	7.169824	3.429156	15.202937	0.798479	0.126426	30.18521	7.934094	17.501268	0.249606
GH18	979.505867	786.678369	899.341136	715.790749	801.551707	1053.078364	774.679098	838.705595	691.984817	776.644711	996.504388	684.848672	888.66255	646.812115	713.076924
GH183	0	0	1.60148	0	5.56076	0.182698	0	3.35766	0	1.04773	0.166309	0	10.1423	0	0.241794
GH184	0	0.213433	0.069327	5.5901	0	0	1.03181	0	6.64766	0	0	1.37662	0	12.5968	0
GH19	72.8837	10.22514	4.123971	8.705483	14.421873	119.608413	30.781231	13.528067	13.1874	7.298904	100.447314	37.125782	18.961594	20.966423	9.68327
GH19_2	0	0.091124	0	2.11998	0	0	0.140291	0	0.862013	0	0	0	0	6.50017	0
GH2	772.303292	740.917003	791.498204	421.543129	809.074322	602.78036	923.88235	878.934424	385.871836	757.427223	614.378807	699.219311	876.355775	476.779327	627.655672
GH20	898.051213	1260.529683	1295.613665	770.246048	981.282571	733.300187	1061.211896	1479.567549	650.622929	977.202374	746.674424	874.458891	1191.200911	679.781603	1023.279721
GH23	2300.593568	2950.275296	3210.888365	2212.209432	2645.523134	2104.635308	2141.458635	3544.866968	2013.91599	2416.525775	2097.312113	1925.766462	3027.68648	1975.390949	2542.82787
GH24	781.351671	122.519344	94.571103	74.703675	133.690792	1659.930609	125.764513	57.029162	75.256491	147.591486	1508.385686	75.367476	78.1086	59.138431	167.673615
GH25	754.679416	1251.935206	2190.100601	924.98396	1143.988711	532.855474	1257.007577	1195.164815	1019.881752	1301.924714	674.785842	957.358528	1737.735633	1024.658274	1382.865981
GH26	23.424528	20.963299	20.396773	9.153747	29.807463	2.372392	9.893305	62.450193	12.463578	16.129582	2.884604	43.573411	37.051888	30.644755	17.382155
GH27	108.628039	143.540664	132.554829	97.347614	92.245374	134.04395	126.181633	128.619218	72.194164	84.773878	125.815936	93.73402	103.918918	83.370355	95.702616
GH28	743.22978	1101.367317	1532.699847	765.489701	810.691252	827.325669	1157.077665	901.232626	806.153319	1021.49589	843.525165	941.903286	1336.098352	814.939848	1004.282386
GH29	125.864657	81.524658	62.227575	68.260865	152.269769	32.52456	102.155019	113.975453	74.750404	140.951354	59.650496	115.653308	114.475873	144.525246	72.70468
GH3	1362.187251	1105.387034	912.025705	1015.08695	1048.712831	1422.835487	1120.828002	963.481046	941.949297	903.166789	1371.390469	1011.655273	1016.764413	913.867357	776.979568
GH30	49.42163	32.05755	30.44875	34.070789	59.22633	12.293534	32.657315	80.539191	20.708209	56.56642	23.05828	46.67914	59.477998	18.631446	25.502013
GH30_1	12.4789	3.862168	0.966672	23.77233	7.31197	1.479405	3.483124	0.680477	23.424324	1.818044	2.097809	12.677589	1.304555	11.885715	0.956629
GH30_3	36.5877	10.289964	22.135	1.13208	49.7589	11.3746	12.282904	40.8817	1.750174	46.5867	18.6951	25.96452	42.8179	1.317822	24.2163
GH30_8	10.4248	1.917941	0.283691	2.359031	7.7026	1.29678	0.449659	0.301482	0.999675	1.97724	2.29017	9.229929	0.219589	0.521479	1.05953
GH31	293.963191	110.374963	70.289699	89.859574	173.504147	255.343828	148.911349	163.943087	109.797113	158.642609	224.026025	175.947397	121.301929	108.765852	100.558725
GH31_1	0	0	0.397197	0	0.981001	0	1.120698	0	0	1.095425	0	0.883804	0	0	2.151836
GH31_2	0	0.767546	0	0	0	0	0.697808	0	0.033704	0	0	0.737563	0	0.120485	0
GH32	132.903911	102.63677	87.289578	124.37153	185.227567	32.233892	164.164528	207.127042	103.6967	136.453346	55.892837	136.562087	155.582123	123.675254	85.913726
GH33	171.31517	220.82252	129.118348	157.594821	276.228393	52.520343	244.411741	239.955651	175.334517	237.958406	100.805119	215.194573	250.141521	212.334006	139.278419
GH34	436.666678	658.891567	501.147707	604.794074	471.82315	521.318456	643.230103	533.032821	616.838164	475.895845	461.313708	567.697301	486.875872	583.006485	432.583632
GH35	226.15271	244.786374	114.278325	315.770776	262.087697	51.446396	260.295374	209.244143	311.736732	224.79553	96.609755	506.518897	214.937107	358.215855	132.480425
GH36	302.29202	336.948869	291.101751	183.639176	313.012051	286.743827	315.53073	363.593635	161.025563	235.782902	274.309779	287.441295	304.467813	188.505125	226.659412
GH37	135.03226	50.838903	41.249529	49.055833	104.339987	140.279095	88.026722	51.839022	52.360662	79.679844	145.359738	117.672711	49.017968	55.062336	63.49336
GH38	175.539992	314.034653	237.071221	584.511562	202.140638	151.773702	298.416554	208.512303	686.415934	197.817426	163.307342	315.227581	238.025908	538.566282	173.974753
GH39	359.438933	337.692271	284.3539	454.589229	361.84123	290.984564	366.286604	389.805609	459.126641	325.662598	293.118246	350.881845	373.315955	406.217008	249.518634
GH4	178.410233	313.34061	115.683003	551.674259	201.195137	137.595244	284.537475	394.179862	621.852601	139.729609	136.392249	362.468385	202.668325	540.906763	120.34206
GH42	84.910289	121.660132	77.60027	80.667068	147.282852	12.470754	55.281952	266.12601	45.488618	91.157949	20.508694	39.954531	118.34937	48.410039	93.549447
GH43	91.402748	60.36242	53.378782	48.419115	122.40278	22.803231	57.034578	142.5517	42.590201	106.804614	44.053664	53.119019	98.1536	48.565261	66.126163
GH43_1	53.1081	11.743821	23.009005	5.404009	63.8485	12.52723	12.535487	41.06877	3.776439	52.134864	25.20815	44.486048	38.40923	1.879219	27.26478
GH43_10	0	0.046792	0.030696	0.03217	0	0	0	0	0.092944	0	0	8.09919	0	0.05281	0
GH43_11	611.105823	1076.525373	615.870027	929.639725	700.346655	578.93133	554.539427	1333.689235	807.010807	512.692967	564.298614	574.104538	876.126466	808.958789	510.8364
GH43_12	11.4164	3.914917	1.158007	3.783725	13.41398	1.486734	24.684207	3.535173	6.861261	2.584566	2.246598	13.69979	12.191384	5.7074	1.756413
GH43_13	1.05804	20.466617	54.446775	5.597794	12.418845	2.96397	15.657311	15.0786	6.192164	31.897499	4.22774	6.141253	37.8554	10.038081	31.452657
GH43_17	12.4456	1.64955	0.231421	2.16318	7.94567	1.7278	0.184625	0.28717	1.24422	2.28154	2.04999	0.387973	0.209112	0.680641	1.3203
GH43_18	90.297405	50.195995	66.819994	45.328275	104.100205	22.505998	71.18529	69.73973	53.771722	88.044602	42.432397	69.15068	87.297101	89.620705	48.689822
GH43_24	0	0.145175	0	0.067301	0	0	0	0	0.145023	0	0	0	0	0.162168	0
GH43_26	801.507828	731.782366	682.539259	754.693414	627.091658	970.239303	710.671091	968.76225	709.174978	558.940267	933.154614	649.077387	758.417917	701.28177	552.319351
GH43_28	30.717077	56.645366	17.299106	51.557468	45.383056	9.021909	84.164715	37.667707	40.193772	43.245079	18.69099	68.960389	39.169544	33.900039	22.720005
GH43_29	66.7431	31.879051	43.387515	59.577953	104.25695	21.445914	41.139979	81.9726	78.490809	94.176625	45.163217	76.656106	77.1083	69.458323	54.9007
GH43_3	26.442526	17.539041	28.37147	0.545628	65.93912	5.873135	3.044946	50.20506	0.378186	39.123501	9.571366	6.998176	31.30318	0.312119	39.363669
GH43_30	0	1.944255	1.06177	0.910363	0.472251	0	2.417088	0.163732	0.43939	1.07819	0	1.215672	0.35898	0.197011	1.79227
GH43_33	0	0	0	0	0	0	0.079313	0	0.038139	0	0	9.87676	0	0.107821	0
GH43_34	0	15.918646	0	70.41058	0	0	17.11605	0	90.801663	0	0	31.12077	0	82.281242	0
GH43_35	0	0	0	0.024217	0	0	0	0	0	0	0	0.448259	0	0.640172	0
GH43_4	0	0.332892	0	0.03186	0	0	0.100395	0	0.107783	0	0	17.77195	0	0.323365	0
GH43_5	0	0.18575	0.06047	0.102276	0	0	0.047617	0	0.134937	0	0	11.86276	0	1.484415	0
GH43_9	0	21.51846	0.219538	3.132676	0.12371	0	59.879584	0.54096	3.024258	0.109781	0.126024	20.498583	0.096853	2.881038	0
GH44	0	0.247753	0.162453	4.07795	0	0	0.962572	0	5.47568	0.00714	0	2.29368	0	9.32245	0
GH46	0	1.14852	0	1.03577	0	0	0.90438	0	0.520253	0.014346	0	0.192603	0	0.175691	0
GH47	470.007785	302.558683	335.656064	183.785914	369.402871	559.261253	276.558032	283.930088	150.518003	338.56361	494.23354	305.899383	325.445736	189.218099	303.978846
GH5	177.81104	111.899902	50.456312	126.651776	118.844012	161.126749	132.396483	123.012315	122.197859	112.020883	162.875032	130.689859	106.144754	169.940931	72.199561
GH51	27.54874	20.081313	6.763369	2.812692	34.674677	3.484494	3.842757	48.786111	1.348542	17.394796	4.550623	32.358944	20.6227	1.071879	19.987947
GH51_1	0.074442	0.820137	0.201607	0.775701	0	0	0.134433	0.835736	2.813395	0	0	1.30644	0.547357	4.322297	0
GH53	77.413771	96.447166	270.456675	7.493641	150.70101	28.703879	125.101502	187.835851	8.92642	184.813505	53.155125	126.30811	233.282222	24.604863	180.083785
GH55	254.818349	285.612972	330.029568	236.71495	300.568863	183.843961	245.967024	424.816139	267.490681	280.468581	197.276042	214.466647	354.260979	265.538398	268.425039
GH57	303.503274	298.262211	197.389258	296.436163	235.456306	297.650621	323.410218	303.712819	284.624685	196.708972	290.609547	254.667008	249.702442	270.130601	158.082291
GH59	0	4.55755	0	0	0	0	0	0	0	0	0	0	0	0	0.939753
GH5_1	62.8689	11.020749	23.711949	11.66355	61.55088	16.10272	18.258842	38.9435	11.46878	61.30379	28.85179	29.3607	51.714241	14.365222	30.84195
GH5_11	174.550936	202.350922	157.033189	206.720278	184.325995	135.289957	189.630421	197.239966	188.315011	157.091692	145.384454	196.206033	175.810772	186.284673	127.774696
GH5_12	175.903499	127.963775	144.606798	156.165395	121.650419	229.958778	100.578138	146.931271	148.777189	112.535801	216.080887	110.988752	135.542892	135.732919	112.894225
GH5_13	0.03684	0.152162	0.066503	0.104661	0.018845	0	0.10645	0	0.088174	0	0	0.526794	0	0.05722	0
GH5_14	0	1.58649	0	0.559053	0.683689	0.022875	0.765365	0	0.580878	0.220043	0.038629	2.59468	0	3.22295	0.265096
GH5_15	0	2.44407	0.0661	6.99071	0.047522	0	48.361485	0.301457	8.798681	0.029564	0.042624	24.065887	0	17.534452	0
GH5_18	0.234866	5.579605	0.070736	9.399249	0.0601	0.013314	8.582393	0.175799	11.954078	0.015495	0.030652	6.33778	0.511842	18.626974	0.132046
GH5_25	0	1.651992	0.297575	0.525966	0	0	0.899978	0.875734	0.388255	0	0	0.592884	0.319702	0.255912	0
GH5_27	386.6435	499.250881	486.221605	514.305722	462.103902	330.928571	421.410104	476.899998	480.623956	432.58584	368.622525	433.730427	483.309869	466.154879	362.6566
GH5_29	1148.354622	654.761107	89.85366	676.631603	180.513209	1744.654468	440.912342	356.057843	449.40149	138.974129	1438.391628	356.691592	188.617807	448.177146	170.400436
GH5_4	0	0.085892	0	0.039351	0	0	0.067893	0	0.117267	0	0	10.2944	0	0.072733	0
GH5_48	0	0	0	0	0	0	0	0	0	0.796742	1.20184	0	0	0	0
GH5_5	0	7.278948	0	4.786397	0	0	10.540024	0	9.684183	0	0	7.40191	0	10.679418	0
GH5_7	482.339444	411.248754	546.9176	255.018765	470.809924	409.725544	421.114054	558.500596	187.960662	442.354508	395.517246	378.213208	566.562893	229.445343	407.918724
GH5_9	60.059681	62.221164	21.770082	54.590879	61.407318	13.1898	44.295205	38.150078	67.873888	47.85386	24.618453	115.062514	39.239381	89.854153	29.436919
GH6	83.01893	19.746187	6.865405	13.485533	25.478768	113.714575	12.213184	37.592038	19.150092	18.600167	100.69577	20.944691	11.248872	26.403988	23.191844
GH63	12.223848	61.314233	58.449717	101.525265	92.32462	9.687599	41.337687	46.350133	87.697587	51.247726	16.088359	26.102111	41.08269	57.38023	58.162361
GH65	211.029119	526.72223	341.571232	384.786943	271.055574	168.362182	500.782212	357.134368	316.811559	250.164987	173.740682	351.831115	346.507575	335.729069	245.982222
GH67	64.620434	54.252325	30.058412	39.369348	79.752928	12.411709	30.924693	110.927596	34.575926	59.951962	22.869351	61.014745	72.53206	39.866874	38.510315
GH68	0	0	0	0.084756	0	0	0.971135	0	0.061104	0	0	2.693481	0	0.760442	0
GH71	97.959312	3.030909	0.290007	14.105179	9.2177	147.34564	3.46185	0.614496	18.826185	8.168712	132.111802	6.571346	0.225232	31.879464	11.467141
GH72	327.49237	469.635264	552.94471	494.526419	485.902595	230.917858	379.104293	627.536192	461.006708	441.45417	249.191168	335.103557	547.697382	422.250513	417.194889
GH73	652.421207	412.788011	311.67939	373.099875	286.418575	868.596933	300.409993	335.492762	373.781022	264.14739	779.64695	406.646884	261.323379	351.157047	298.333287
GH74	0.14589	3.39271	0.347312	2.06775	1.105343	0.051609	1.467397	0.193181	1.585678	1.010884	0.059247	7.416829	0.456028	8.934392	0.232255
GH76	208.59243	192.246649	156.682821	286.808352	145.213746	265.093027	283.532874	154.103398	323.864778	127.267193	256.837603	288.786209	147.919249	309.044854	122.130564
GH77	125.943691	145.239668	28.409187	123.207923	53.28351	124.488496	83.746638	57.255852	100.63958	25.042086	108.909761	124.494951	59.413028	116.705554	28.134461
GH78	313.649651	276.294117	183.355667	199.193482	297.290078	267.212205	239.278616	281.167725	188.483625	264.788743	287.001453	324.526185	276.105866	182.615169	198.027808
GH8	21.796801	34.818495	8.285811	4.039165	28.091181	1.915328	6.185657	48.72201	11.63105	16.933486	2.735544	31.629319	13.669814	21.334921	19.873834
GH84	158.968351	94.392784	23.336024	173.881379	18.942309	262.83518	80.909068	46.938121	177.586406	17.519146	229.856926	72.74967	39.006721	142.11014	21.185945
GH85	0	0	0.69476	0	0.590487	0	0	0.620302	0	0.528105	0	3.527255	0.453125	0	0
GH88	0.12002	9.26942	0	8.443001	0.492326	0.072873	10.80651	0	13.254851	0.364162	0.029466	7.842167	0	18.6289	0.836901
GH89	46.5973	24.212278	21.167631	8.41022	55.29812	11.90333	12.812307	34.61407	4.190149	48.04305	22.69706	20.172678	37.056484	9.742309	24.54087
GH9	339.352962	204.446051	184.682315	189.389748	305.81762	234.39339	205.987185	259.279719	193.932318	247.609514	246.160411	253.614878	253.29551	212.91964	189.340847
GH92	220.430966	291.779251	271.976217	221.963101	263.695132	165.170894	325.623721	343.801248	222.704362	226.28897	176.230294	280.50225	294.501793	221.424109	211.686805
GH93	65.4632	57.623659	26.41029	84.140679	84.067472	12.644398	35.63423	122.5673	105.513991	66.356254	22.649693	62.317738	57.1414	67.560971	53.714751
GH94	0.021138	12.43502	0.117578	55.856735	0.002686	0.00177	15.469515	0.521327	78.72737	1.62882	0.695872	17.163245	0.326397	61.32536	0
GH95	51.4123	13.931286	26.619423	4.14065	70.1218	18.7444	16.541437	42.1275	3.458439	67.7731	29.3306	55.866678	56.1038	8.305978	35.9079
GH97	86.769349	33.447336	34.979464	22.278416	91.46282	20.75724	53.195065	62.626567	25.514763	81.226769	35.70042	83.698238	65.452649	34.677169	42.63628
GH99	1.63475	13.072034	6.104186	36.075751	5.73165	0.308217	17.300742	31.63601	21.078974	3.79645	0.905	4.539848	17.4691	18.629274	3.261467
GT0	1227.667437	1023.902736	1517.601719	658.337632	1356.942007	878.678351	1161.125715	1270.239436	773.732203	1308.250225	930.571344	997.043232	1377.089697	739.682276	1174.773582
GT1	2966.717203	2847.847742	3228.433348	2613.911042	2765.680832	3420.522383	2473.015894	3504.495136	2428.749796	2466.237302	3265.808668	2612.589981	3162.953913	2436.535739	2464.992314
GT10	36.701912	77.80733	93.719224	58.54986	80.159411	8.552136	98.964768	99.480266	56.10892	66.704157	15.426794	66.132693	79.314027	61.067017	69.393673
GT100	0.053368	1.883194	0	3.98782	0	0	0.666815	0	1.739263	0	0	2.534171	0	9.22075	0
GT102	0	0.693427	0.064434	0.034771	0.108652	0	0.151856	0.316231	0	0.211655	0	1.070806	0.346562	0.54688	0.602578
GT104	0.517341	0.78223	0	0	0.13659	0.245554	0.900248	0.833874	0.083973	0.129032	0.06977	0.7129	0.361918	0.290164	0.312191
GT105	38.4156	15.566396	22.682449	5.553033	52.586206	10.1043	43.345838	38.231976	8.170695	50.732781	20.106516	46.928015	40.730772	12.33368	27.926355
GT106	403.87029	730.326478	843.803333	544.408117	499.749664	504.898041	699.415623	723.961883	506.246953	506.810562	464.762241	890.101593	707.163268	528.17913	581.691094
GT107	19.38037	49.993854	97.324454	17.248672	64.122503	7.01977	37.777396	65.781189	26.310407	59.88268	13.978423	45.782759	61.239693	35.107853	67.846237
GT109	10.670646	113.076435	43.595958	81.518793	75.242703	7.359081	104.694265	16.885296	62.857336	37.376972	11.198947	58.41397	36.535998	47.726079	39.115958
GT11	1.239912	33.195936	88.7852	9.785125	15.135682	3.6542	22.901765	21.023694	14.87484	42.421398	6.612432	18.22964	58.3849	9.751408	47.982026
GT111	54.12377	13.087918	64.0859	9.586782	116.4513	17.50599	17.298407	47.56234	15.314836	94.316306	34.6258	29.684935	61.945234	23.167983	60.312
GT116	374.367784	494.880236	416.022721	604.640873	380.290037	383.800969	508.161848	423.031146	621.385466	349.781551	386.135856	449.77309	426.563984	574.56427	328.488697
GT13	121.00167	27.476466	2.989775	3.550078	15.832002	217.650049	73.157009	1.249259	4.147893	15.940599	187.231155	43.049513	2.043251	4.590804	23.926909
GT14	46.759117	78.272508	169.96924	18.759493	123.57197	15.381163	40.987916	121.574484	33.998799	121.448448	26.558549	50.491919	118.86633	35.14069	130.4288
GT15	16.8413	3.056218	0.179561	5.98494	11.8804	2.4003	0.903387	0.435835	3.601612	2.85592	3.39721	7.921981	0.15972	8.499877	2.46698
GT17	0	0	0	0	0	0	1.87773	0	0.256972	0	0	3.40788	0	0.216088	0
GT18	0	0	0.442904	0	1.224463	0	0.476166	0	0	1.361433	0	1.988978	0	0	2.123249
GT19	394.298442	633.834693	558.602989	563.484025	327.535547	418.677051	543.358186	536.316302	504.915331	333.748016	405.436023	363.504214	521.70331	413.572153	367.999657
GT2	13386.77231	13428.99331	13014.41383	14680.98323	11654.47129	13097.34168	13307.45403	13521.13519	14743.69939	10757.47095	12790.59544	11936.63622	13657.65502	14166.08902	10002.80653
GT20	174.690295	197.296582	126.995773	191.879431	275.468065	46.459301	249.2764	287.046445	201.814377	218.902226	82.442455	317.970061	199.187763	212.739052	148.573295
GT21	0	33.88928	1.560204	25.628298	6.107193	0.278543	15.869257	3.731009	24.324935	0.794362	0.218112	23.20005	10.417035	44.597227	0.879123
GT22	335.131576	418.112902	481.527521	456.067183	406.739518	357.177864	414.182392	468.084773	424.14751	358.659447	365.029348	389.95042	481.633003	461.042813	335.650819
GT23	0.067353	0	8.218866	0	17.49721	0.255269	4.275707	5.4517	0	9.999955	0.423138	3.473884	27.8715	0	19.725946
GT24	0	0	0	0	1.305135	0	0.707868	0	0	1.706155	0.035265	2.46005	0	0	2.150583
GT25	371.03032	219.354563	309.897829	43.461163	224.560142	328.627083	209.201601	290.385257	69.338463	224.364602	256.821954	141.070771	242.50376	51.372345	262.816467
GT26	133.393947	334.198872	272.438391	540.999016	207.917282	33.112151	469.752829	361.236847	614.675167	174.10135	59.379093	458.526596	365.166832	586.299486	148.632232
GT28	791.957615	708.314144	806.960996	675.759906	691.114103	940.333032	740.925988	780.911842	693.437794	650.900128	914.236536	603.993739	779.134011	634.928211	630.577714
GT29	203.533559	214.484832	172.061719	240.716171	193.260728	166.614848	260.946978	243.848286	214.478392	174.346927	175.686555	233.128259	214.493955	212.37669	137.926531
GT3	0.022251	2.808334	0.841544	18.248307	1.500076	0	18.358455	0.215883	21.502319	2.565156	0.099603	29.607979	0.242807	3.765241	2.4717
GT30	493.42643	434.564124	505.680242	407.275816	406.823084	478.0297	454.459842	461.490752	419.299155	368.252208	472.607756	357.520835	500.817506	392.46909	365.219177
GT31	286.760334	242.976032	154.586322	254.530489	150.562193	407.534694	185.459658	193.362738	229.526972	136.027217	355.136162	213.419791	165.818276	218.167494	126.595655
GT32	689.450489	638.809136	1008.623869	537.831143	646.408041	722.714225	506.969199	889.874818	471.298428	697.051293	684.574512	530.561121	834.34388	443.298016	721.41259
GT33	0	0	5.263703	0	2.84825	0	1.223821	2.30141	0	3.81608	0	1.266109	0	0	8.99202
GT35	380.789643	307.716408	367.608591	451.61504	284.858461	505.476413	304.46572	333.481409	496.830633	246.013099	447.943666	323.732718	339.587199	503.821849	241.707276
GT39	3.20409	3.221953	16.054512	2.913104	30.968143	3.33803	3.168381	4.182833	9.449972	19.6511	6.636212	27.118703	5.486435	11.791359	16.8867
GT4	10280.41032	8734.310757	8912.494906	9177.103936	8063.899555	10365.78453	9147.633432	8787.809246	9543.0889	7752.837236	9993.76681	8703.988492	9193.649226	9094.051739	6849.925948
GT41	218.654098	533.906012	748.619835	849.67588	296.304828	220.818045	480.406329	340.963474	1079.133445	376.214082	228.950787	401.435759	565.474956	812.640795	458.422663
GT43	31.905389	79.268516	22.774684	79.688834	41.322618	3.319265	137.963511	61.017996	105.405847	21.108063	5.1059	83.703272	41.083635	104.785568	29.030208
GT45	4.10637	0.720472	10.7004	0	26.4733	2.80298	0.287536	2.48086	0	17.3539	6.33175	0	3.47273	0.080489	13.4258
GT47	477.958711	245.106959	223.265957	374.798606	249.357014	534.701434	302.307946	267.468152	437.519907	227.40242	441.508792	282.426992	248.671963	392.927397	191.992802
GT48	10.9793	1.39552	0.30538	2.28597	5.60949	1.48388	0.289803	0.346139	0.976221	1.98103	1.94382	0.20039	0.100679	0.64462	0.984165
GT49	107.636473	32.96178	36.641011	100.438953	62.490715	113.246428	57.31385	48.000512	125.965658	52.536451	121.347953	59.327515	51.739702	110.408994	33.855884
GT5	524.757835	299.716567	548.897049	182.559819	373.903828	511.10691	296.50851	385.605908	202.739588	434.208387	485.939999	318.552383	496.562345	295.904254	400.646412
GT50	0	0	0.766287	0	2.089169	0	2.060134	0	0	2.697371	0.023825	1.18148	0	0	4.878288
GT51	1583.281024	1370.375227	1108.670128	1014.819756	1284.361997	1578.417902	1246.068925	1337.02817	877.08366	1155.550259	1541.849137	1231.797131	1312.10284	993.655412	997.771715
GT55	84.134408	19.273305	80.695694	0.193063	21.6321	147.114885	20.35654	20.0484	0.101663	47.382273	131.01269	4.934168	49.491193	0.07447	54.096274
GT57	0	0	0	0	1.982436	0	1.695038	0	0	2.341259	0	3.187773	0	0	4.63149
GT58	177.989468	271.743177	243.140031	391.866718	286.112276	149.596997	248.337906	259.541204	377.918567	208.460005	170.726405	253.579757	245.469871	354.934157	187.196908
GT59	0.064631	4.742857	0.299518	6.686629	0	0	5.906517	0.165433	16.102311	0	0	30.90865	0	22.853665	0
GT60	0	0	0.093729	0	0	0	0	0	0.072512	0	0.115901	0	0	0	0
GT61	157.347692	127.502679	138.107967	102.009118	140.811647	171.325102	197.983792	119.309431	143.674573	132.062466	170.232946	142.250035	123.4976	141.456489	130.942141
GT64	0	6.427323	0.029836	9.315526	0	0	1.576172	0	14.147554	0	0	10.275055	0.162196	16.374037	0
GT66	548.498713	378.672932	437.969608	288.95679	462.47084	540.360005	370.855288	487.022459	272.437065	404.906548	482.748245	353.039684	420.445381	237.909648	370.510975
GT68	75.360267	46.616716	22.249299	51.144355	15.172809	120.689585	67.246734	9.647132	52.100052	9.881415	114.890411	23.583318	19.208011	38.673372	12.679139
GT69	118.86197	41.282876	18.870459	30.692677	60.345771	167.998938	24.860231	34.606748	9.627244	51.214834	161.269434	41.606826	36.157566	26.026249	35.668993
GT7	59.762711	70.557964	98.82515	82.822762	80.483873	14.965277	69.906737	94.827346	105.599127	86.68746	26.522908	75.376906	102.501317	102.497501	77.370585
GT70	30.0478	94.152068	135.33848	42.055506	90.38679	10.427763	37.11633	85.55645	27.867928	83.26748	17.229731	32.366828	96.13178	34.716585	98.629937
GT71	70.906543	42.063978	141.89436	12.033176	36.426691	119.331854	43.069852	38.753228	11.685239	72.792851	112.626332	30.336203	84.016636	15.976415	91.916778
GT76	140.334523	40.556869	7.170661	12.90678	30.573303	195.50072	19.332301	50.271526	11.210488	20.549564	146.167499	36.117756	15.788012	21.623471	27.996017
GT77	441.660136	636.698051	416.906502	660.931282	404.401533	615.160901	411.373497	440.868159	565.679358	374.939451	636.459262	380.330858	467.807437	579.565552	353.094876
GT8	552.166754	266.755239	314.585116	329.434809	347.190606	610.392386	248.497377	320.64577	351.198626	310.118252	545.773017	320.866102	318.22145	334.747774	282.227905
GT80	126.662421	56.254306	7.054299	34.056908	30.752805	188.868662	11.259452	46.464608	16.138506	22.521496	151.865645	48.925742	15.152655	26.033897	30.470084
GT81	185.370068	65.472073	97.163358	55.372678	78.52155	243.473132	47.255125	103.515584	49.930387	78.699079	214.427401	29.340371	83.956429	42.857525	90.762392
GT83	306.592495	382.371878	226.588563	419.927299	294.955348	286.807123	373.31871	345.995668	424.179618	256.369264	282.474933	317.262413	292.366688	402.102035	196.763751
GT87	2.291086	25.823933	8.228319	58.160606	14.756753	0.478583	26.504542	44.84243	47.428264	4.729062	1.146745	39.206339	40.776109	54.712628	1.296894
GT89	0	0	0.922757	0	5.43719	0.134454	0	3.41139	0	0.846406	0.142587	0	8.7923	0	0.49991
GT9	760.634359	767.175736	580.554286	956.247101	563.654145	868.077874	839.38118	654.002721	946.455652	518.229227	840.582802	819.850223	611.519606	896.734265	424.591712
GT90	152.42035	52.933617	59.51521	32.369639	101.855576	143.499928	105.199527	91.490356	33.689825	97.33636	149.874197	125.378477	96.212354	63.811316	57.081464
GT92	43.588849	73.492758	44.136404	219.554	51.051923	11.321742	120.302105	45.594295	288.514271	44.296334	21.965832	100.688837	60.988044	249.79588	25.165446
PL0	84.653845	173.633693	143.853597	111.247804	155.515233	23.900037	190.774061	175.210226	102.828711	143.543708	46.129715	186.923846	154.22759	107.035795	114.745632
PL1	0.038376	5.390533	0.58574	51.638848	0.370454	0.010508	9.574934	0.812755	60.951634	0.302042	0.07204	33.22761	0.184624	109.206103	0.061643
PL10_1	17.8835	5.825274	0.829218	22.70517	8.73544	4.15559	5.968386	0	24.37127	2.2123	3.07994	6.76255	0.904268	42.212458	1.66557
PL10_3	0	2.36059	0	2.94669	0	0	3.9945	0	4.66385	0	0	2.06955	0	5.60237	0
PL12	33.9486	11.565153	18.621795	16.179379	45.2736	10.5056	14.011632	33.1431	16.802799	41.5685	18.68785	27.409693	31.453173	24.692958	24.570909
PL12_1	0	0	0	0	0	0	0	0	0	0	0	0	0	0	0
PL14	0	0.271551	0	4.02362	0	0.011178	0.524013	0.073991	4.87651	0	0	1.32793	0	8.33999	0
PL17_1	0	0	0	17.504151	0	0	1.464018	0	6.43577	0	0	0	0	39.24324	0
PL17_2	0	0.871454	0.040939	2.026609	0	0	1.138768	0.102416	1.060589	0	0	0.088648	0	5.742612	0
PL1_1	85.503716	125.63927	45.019592	112.467893	96.371116	16.253445	175.275654	158.069107	73.340716	70.246996	31.303844	111.611795	93.300651	79.248237	43.966157
PL1_12	0	0.76535	0.210652	8.86443	0	0	1.402624	0.104396	11.49407	0	0.007684	3.85079	0	18.76359	0
PL1_2	45.335488	32.808869	25.043981	10.066182	57.883863	13.774177	77.331834	47.609094	15.214333	53.279046	22.28033	54.6128	45.582132	21.626875	30.443014
PL1_5	0.108575	0	0	0	0.018511	0.049188	0	0	0	0.064577	0.056746	0	0	0	0.325072
PL21	0	4.01346	0.016211	2.74667	0	0	4.16861	0	4.43258	0	0	1.83452	0	5.89112	0
PL22	0	1.5822	0	0.153314	0	0	0.128753	0	0.062162	0	0	0.77513	0	0.070217	0
PL26	11.851548	1.313632	0.133171	8.729132	7.16594	1.642538	0.892116	0.375943	6.443532	1.76399	2.000473	1.911474	0.245293	14.648346	0.900722
PL35	179.45691	42.112886	1.174386	45.680253	14.654552	278.701357	3.738852	0.481074	17.49642	12.431437	197.030359	12.611288	2.872328	28.668828	17.975787
PL3_2	0	0	0	0.098933	0	0	0	0	0.004879	0	0	0.659523	0	0.6795	0
PL42	0	0.495456	0.121582	0.014218	0	0	0.161471	0	0.076954	0	0	8.9028	0	0.087232	0
PL4_2	15.082402	112.648395	94.84638	157.527681	24.969509	5.017189	125.749494	31.507277	180.041539	40.168398	8.770313	71.837946	61.795557	149.246882	45.370369
PL4_3	135.153974	0	0.145942	0	10.842483	210.690766	0.100119	0.631784	0	10.003665	159.995942	0	0	0	15.723241
PL6	0	0	0.330794	0.253918	0	0	1.41114	0.90524	0.431769	0	0	3.03727	0.479061	0.177975	0
PL6_1	0	1.532037	0.020275	2.019346	0	0	0.978362	0	1.108368	0	0	0.082877	0	5.529702	0
PL7	0	0	0	0.009772	0	0	14.9073	0	0.698933	0	0	5.49781	0	1.26444	0
PL7_1	1.44148	0	0	0	0.205935	0	0	0	0	0	0.362991	0	0	0	0
PL8	94.4268	30.555763	59.778171	8.155833	139.559265	30.407555	31.054906	102.240907	6.584252	127.2709	55.545717	82.102266	107.639074	15.345006	74.457049
PL8_3	6.70047	3.47902	3.07077	0.551509	13.9133	1.7112	4.00732	15.587	1.630162	11.6329	2.03322	4.534275	8.1816	0.30899	13.1546
PL9	0	0.550854	0	4.465448	0	0	1.071779	0	5.218585	0	0.019248	9.95685	0	9.593512	0
PL9_1	13.7849	6.380444	0	12.856794	9.11636	2.71354	7.137764	0.890247	13.265978	2.23714	2.68939	13.917622	0	23.907145	1.35289
PL9_2	0	0.331734	0	0.010108	0	0	0.082536	0	0.07128	0	0	8.41713	0	0.118868	0
PL9_4	0	4.525607	0	7.03158	0	0	5.174745	0	9.69972	0	0	4.15486	0	15.10965	0
