ID	coculture_1_0d	coculture_2_0d	coculture_3_0d	coculture_1_9d	coculture_2_9d	coculture_3_9d	coculture_1_70d	coculture_2_70d	coculture_3_70d	coculture_1_450d	coculture_2_450d	coculture_3_450d	coculture_1_720d	coculture_2_720d	coculture_3_720d
Abyssibacter	0	0.02985	0.008558	0	0	0	0.515413	0.09835	0.143253	0.060574	0	0	0	0	0
Achromobacter	0	0	0.020491	0.134941	0.010329	0.089312	0.047804	0.11816	0.086145	0.292743	0.037927	0.273694	0	0.0182	0
Acidimicrobium	0	0	0	0	0	0	0	0	0	0	0	0.624501	0.124741	0	1.00378
Acidithiobacillus	0	0	0	1.446917	0	16.159694	0.950905	5.211851	4.697423	18.923626	2.628228	19.970394	0.472819	0.647525	0
Acinetobacter	0	0	0.320788	0	0.315337	0	0	0	0	0	0	2.15036	0	0	0
Actimicrobium	0	0	0	0	0.024666	0	0.123575	0.887173	0.870592	0.38568	0.469192	0	1.57313	3.71879	8.631
Actinomadura	0	0	0	0	0	0	0.790076	0	0	0	0.559869	1.01574	0.63719	0	0
Actinomarinicola	0	0	0	0	0	0	0	0	0	0	0	0.252502	0.032177	0	1.12577
Actinomyces	0	0	0	0	0	0	0	0	0	0	0	0.703807	0.105568	0	0.972499
Actinotalea	0	0	0	0	0	0	0	0	0	0.284097	0	0.488876	0.066942	0.071556	0
Aequorivita	13.801776	0.681458	0	2.460439	0	2.732349	2.305806	2.816064	7.373619	9.455293	0.487777	11.629859	0.332238	0.419099	0.577809
Aestuariicella	0	0	0	0	0	0	0	0	0	0.254288	0.04468	0	0.1262	0.147281	0.023927
Aestuariivita	131.243855	477.8466	777.43645	2256.2855	4915.2795	6264.8627	11762.6044	3177.6092	7444.6998	2701.5479	2692.4676	461.221365	11.316093	2.453291	6.034467
Afifella	0	0	0	0	0	0	0	0	0	0.640873	0.232978	0	0.067806	0.073452	0.013906
Ahrensia	2.86347	0.297619	1.54098	5.88861	3.49763	1.29648	9.38581	59.7216	25.457009	29.297653	25.168727	9.181721	56.723899	32.44363	28.144966
Alcanivorax	0	0.019742	0.05155	0	0.005803	0	0.576923	0	0.237866	0.03993	0.105385	0.113648	0	0	0.011275
Algicola	0	0	0	0	0	0	0.267718	0.637997	1.17537	0	0	0.554732	0	0	0
Algihabitans	0	0	0	0	0	0	0	0	0	35.1195	0.270125	10.89506	5.18344	0.119059	3.16499
Algiphilus	0	0	0	0	0	0	0	0	1.32324	4.065792	0.921561	0	0	0	0.288201
Algoriphagus	3438.304	984.20285	1864.3355	4462.0417	4351.5223	2303.7011	1986.53429	3490.5184	3650.18334	913.513775	1114.423306	1876.9029	129.449106	157.15023	120.468627
Aliamphritea	0	0	0	0.481995	0.310817	0.97647	0.469438	0	0	0	0.487741	0.221111	0	0	0
Aliiroseovarius	0	0	0	0	0	0	0	0	0	1.50254	0.223726	0	0	0.3837	0.139366
Alkalicaulis	0	0	0	0	0	0	0	0	0	18.32978	4.776556	7.98561	1.452185	1.044147	3.725256
Alkalisalibacterium	0	0	0.00616	0	0	0.017572	0.480298	0.070437	0	0	0.13608	0.081556	0	0	0
Allomuricauda	268.736406	31.539693	48.131948	141.109402	41.307269	25.306559	5.625318	18.903904	12.050865	38.815937	7.392574	6.981974	128.509062	48.593281	177.327494
Allosediminivita	0	0	0	0.073918	0	0	0	0	0	0.495477	0.404341	4.25295	4.715043	14.074009	24.3584
Alloyangia	0	0	0	0	0	0	0	0	0	0	0	0	0	0.931706	0
Alteromonas/Salinimonasgroup	0	0	0	0	0	0	0	0	0	0.242889	0.110215	0	0.158818	0.111918	0.088224
Aminobacter	0	0	0	0	0	0	0.093047	0.676598	1.65368	0	0.287536	0.784005	0.634521	3.05859	6.27812
Amnibacterium	0	0	0	0	0	0	0	0	0	0.181721	0.063219	0.056946	0.097327	0.015052	0.085331
Amphibacillus	0	0.019452	0.03311	0.203985	0.455787	0.160931	0	0	0.093	1.18771	0.572594	3.47024	0.947118	0.866689	2.71633
Ancylobacter	0	0	0	0.143204	0	0	0	0	0	0	0.189481	0	0	0	1.0468
Anianabacter	0	0	0	0	0	0	0	0	0	0.392995	0.272698	1.59753	1.27865	5.56802	8.09705
Aquamicrobium	2.595824	0	0.027198	0.031666	0.053551	0	4.290305	13.826374	13.874444	7.375363	6.048058	7.39741	18.884621	69.733546	144.749028
Aquibium	0.046626	0	0	0	0.04667	0	0	0	0	198.706177	0.795935	3.394746	916.731008	55.865867	16.564645
Aquicoccus	0	0	0	0	0	0	0.04118	0	0	1.95115	0.721636	22.166	0.60694	1.2201	1.50692
Aquiflexum	0.034792	0	0.006822	0.587072	0.241613	0.078069	0	0	0	1.76986	0.603318	1.62801	0.756485	0.546362	2.699
Aquimarina	0	0	0	0.429612	0.288561	0	0	0	0	2.5188	18.340262	9.04164	0.200986	1.163332	3.99995
Archangiaceae	0	0	0	0	0	0	0.346636	1.3581	2.10982	0	0	0	0.517146	0.186134	0
Arenibacter	0	0	0	0	0.043236	0	1.17266	0.539996	0.403832	0	0	0.627573	0	0	0
Arenimonas	0	0.02598	0	0.019551	0	0	0.759187	0.171592	0.187326	0.105309	0.165586	0	0	0	0
Aurantiacibacter	0.150097	0.053734	0	0	0	0.178887	0.713616	0.677892	2.75047	0	0.107287	0	0.942063	0.336843	0
Aurantimonas	0	0	0	0	0	0	0	0	0	6.8723	0.921707	21.8094	10.63196	1.631131	0.922644
Aureibacter	0	0.025126	0.019509	0.493271	0.361088	0.055335	0	0	0	1.89549	0.448184	1.93194	0.518947	0.529052	2.69684
Aureispira	0.161994	0	0	0.459934	0.422705	0	0.52994	0	1.39649	1.72449	0.757195	2.42779	0.79665	0.659184	2.99519
Azotobacter	0	0	0	0.906393	0	0	0	0	0	0	0.567904	0	0	0	0
Bacillus	0	0	0.830654	0	1.05621	0	0	0	0	0	0	0	0	0	0
Balneola	0	0	0.237411	0	0	0	0.107692	0	0	0.165125	0.127703	9.68622	1.06283	0.123257	0.208869
Blastococcus	0	0	0	0	0	0	0.882511	0	0	0	0	0	0	0.181275	0
Boseongicola	1.38146	5.49212	7.36297	17.2234	46.6558	48.8463	99.9479	25.8417	67.278297	46.8302	61.0434	16.99051	1.7997	0.101193	0.841795
Bradyrhizobium	0	0	0.474821	0	0	0	0	0	0	0	0	0	0	0	0
Bremerella	0	0	0.073846	0.034671	0.170359	0	0.885955	0.89101	0.257485	600.7306	646.35889	328.14796	453.48834	760.48185	910.9687
Brucella/Ochrobactrumgroup	0	0	0	0	0.076423	0	0	0	0	14.2433	0	3.30491	2.812042	0.449411	1.34229
Caballeronia	0	0	0	0	0	0	0	0	0	0.482998	0.373958	0	0.03704	0.020027	0
Caedimonas	0	0	0	0.470601	0	0	0	0	0	0	0	0	0	0	0
CandidatusMagnetoovum	0	0	0	0	0	0	0	0	0	0	0	0	0	0	0
Carboxylicivirga	0.025443	0	0	0.012985	0.010151	0	0.525508	0.114197	0.622393	0	0	0.16527	0	0	0
Caulobacter	0	0	0	0	0	0	0	0	0	3.88286	1.09242	2.2454	0.156627	0.193389	0.790089
Celeribacter	0	0	0	0	0	0	0	0	0	0.513732	0.052398	0	0	0.153572	0.02882
Cellulomonas	0	0	0	0	0	0	0	0	0	0.795659	0.270125	3.08742	2.08158	7.03403	11.473348
Cesiribacter	0.052368	0	0	0.05346	0	0	0.70563	0.058763	0.427058	0	0	0.204105	0	0	0
Chachezhania	0	0	0	0	0	0	0	0	0	0	0	0	0	0.53428	0
Chelativorans	0	0	0.019992	0	0	0	0.389179	0.941609	0.172695	11.097057	1.445913	6.756717	23.723098	12.392564	18.526354
Citromicrobium	0	0	0	0	0	0	0.41106	1.48839	1.09262	0	0.07895	0	0.592659	0.079751	0
Cognatiyoonia	0.650378	2.73608	4.54613	12.7794	27.0513	36.6569	70.2269	17.3091	41.6144	62.0386	15.7718	22.69475	11.833539	0.40688	13.78499
Comamonas	0	0	0	0	0	0	0	0	0	1.88485	0.290894	0	0.297125	0	0.086839
Corynebacterium	0	0	0	0	0.198197	1.01328	0	4.86628	0	0	0	0	0	0	0
Croceicoccus	0	0	0	0	0	0	0	0	0	0	2.469809	4.34568	0.02844	0.516928	0.254334
Crocinitomix	0	0	0	0.055451	0	0	0.696966	0	0.353212	0	0	0.418338	0	0	0
Cucumibacter	0	0	0	0	0	0	0	0	0	0.413647	0.308618	0	0.054246	0.029365	0.049954
Cutibacterium	0	0	0.498958	0	0	0	0	0	3.07894	0	0	0	0	0	0
Cyclobacterium	0	0	0	0	0	0	0.055968	0	0.088762	0.94405	0.178307	34.53275	0.017353	0.201528	0.359771
Defluviimonas	2.72418	0.317042	1.02342	4.6583	2.71347	0.503067	5.12085	39.5492	16.5855	14.4933	19.4893	3.92951	37.7221	23.499	19.4945
Deinococcus	0	0	0.031183	0	0	0	0.485298	0	0.174867	0.148622	0	0.069441	0	0	0.041813
Desulfocurvus	0.08893	0.01516	0.04344	0.341722	0.271989	0.125337	0.040272	0	0	2.46151	0.320956	1.73483	0.692207	0.535238	2.68708
Devosia	2.25035	0.214915	0.939911	3.60658	1.91489	0.178278	4.28056	32.82419	16.5573	21.346581	17.878272	22.06562	42.40709	23.050827	20.101669
Dinoroseobacter	292.26384	306.099481	599.044636	2839.56415	1732.67082	1708.57476	1643.06917	393.47905	448.00528	24.523684	42.688417	17.556588	0.058073	2.571969	5.151263
Dokdonia	0	0	0	0	0	0	0.083888	0	0	0.388827	0.130307	9.81535	0	0.064677	0.108758
Donghicola	0	0	0	0	0	0	0	0	0	5.98999	0	0	0.186371	0.582773	0.212665
Echinicola	0	0	0	0	0	0	0.335882	0	0.51878	0	0	0.2747	0	0	0
Eilatimonas	0	0	0	0	0	0	0	0	0	5.99388	1.06132	2.37617	0.469931	0.245463	1.27019
Ekhidna	0	0	0	0	0	0	0.251665	0	0	0.657937	0.452353	30.509	0.246534	0.194031	0.444715
Emticicia	0	0	0	0	0	0	0	0	0	0.227336	0.059439	11.6135	0	0.183556	0.14417
Enterobacter	0	0	0.970651	0	0	0	0	0	0	0	0	0	0	0	0
Erythrobacter/Porphyrobactergroup	0.716507	0.037247	0.112854	0.784375	0.143896	0.701321	43.436009	53.608407	98.851894	8.149685	59.362338	115.185519	36.516685	19.874976	8.808602
Escherichia	0	0	2.316121	0	3.400173	0	0	0	0	0	0	0	0	0	0
Euryhalocaulis	0	0	0.027015	0	0	0.015361	0.444656	0.061684	0.313849	0	0.019873	0.071418	0	0	0
Ferrovibrio	0	0	0	0	0.015326	0	0	0	0	5.52523	2.16286	53.8875	1.424547	3.45835	3.62557
Flagellatimonas	0.248192	0.370981	0.914416	0.014593	0.019773	0.345041	43.776802	6.300326	25.117033	4.271981	7.891515	6.061826	0.038072	0.356109	0.691735
Flagellimonas	825.46526	114.08876	164.144116	513.518643	133.98083	88.845968	14.049233	24.169971	14.172249	96.794323	22.465114	19.142764	345.047986	156.268913	535.329306
Flammeovirga	0	0	0	0.108435	0.019941	0	1.55672	0	0.690781	0	0	0.818355	0	0	0
Flavihumibacter	16.7098	1.77399	2.17274	8.04062	2.74023	1.84633	0.277125	0	0.328413	2.71754	0.571139	0	2.91674	0.678587	0.759071
Flavilitoribacter	0	0	0	0	0	0	0.646626	0.223967	1.14945	0	0	0.389279	0	0	0
Flavobacterium	0	0	0.028164	0.63782	0.268599	0.166592	0	0	0	0.719225	0.419181	2.18118	0.663571	0.486312	2.79554
Fluviibacterium	0	0.094247	0.156523	4.13502	0.874639	0.564612	1.25189	2.88311	8.78658	1.73059	0.1263	0.454427	0.209349	0.167114	0.108494
Fodinibius	12.5983	2.11309	2.742	8.17211	2.07757	1.07548	0.159636	0.265517	0.289564	1.33703	0.342068	0.076857	2.61652	1.1866	0.549081
Fodinicurvata	0	0	0	0	0	0	0	0	0	0	1.1813	4.10346	3.29977	10.4428	17.5905
Fontimonas	0	0.015552	0.008905	0	0	0	0.454446	0	0.149196	0	0.032905	0.059297	0	0	0
Fontisubflavum	6.584763	7.634352	13.24658	35.44522	73.30196	81.451527	154.23537	107.7991	121.1934	62.2773	64.114	15.30451	52.476032	31.47849	26.405661
Franzmannia	0	0	0	0	0	0	0	0	0	0	0	0	0.358989	0	0.402301
Frigidibacter	0	0	0	0	0	0	0	0	0	0.21078	0.182347	1.71008	1.30776	4.69918	7.73205
Fulvivirga	0	0	0	0	0	0	0.197835	0	0	0.656306	0.154946	29.27	0	0.198609	0.111929
Galbibacter	0	0	0	0	0	0	0	0	0	0.241416	0.060968	13.4878	0.111599	0.270917	0.236563
Gellertiella	0	0	0	0	0	0	0.055482	0	0	3.77872	0.092321	1.150938	0.408997	0.399095	0.053168
Gemmobacter	0	0	0	0	0	0	0	0	0	0.121528	0.28535	1.54225	1.15767	6.26632	8.02903
Geodermatophilus	0	0	0	0	0	0	0	0	0	0	0.080162	0.583934	0.226041	0	0.045221
Gimesia	0	0	0	0	0	0	0.067855	0	0	0.730878	0.159596	15.2156	0	0.312152	0.322101
Gimibacter	0	0	0	0.953313	0.96378	1.4236	0.751109	0	0	0	0.361431	1.00121	0	0	0
Glycocaulis	0	0.158929	0.248098	4.125647	2.103202	1.526164	7.731449	0	39.136347	1932.765729	5376.64625	1300.49697	171.489992	112.792856	147.813903
Gymnodinialimonas	0	0	0	0	0	0	0	0	0	15.511149	0.150614	4.14346	2.907671	0.104763	1.57378
Haliea	0.190823	0	0	0.062035	0.008277	0	0.258158	0	0	30.35686	4.992232	0.143077	16.6084	18.335601	17.656023
Halioglobus	0	0	0	0	0	0	0	0	0	0.657364	0	0	0.077859	0.166073	0.090858
Halomonas	0	0	0.109734	0.116153	0.603562	0.564646	0.326001	0	0	2665.487992	111.172128	401.34439	2226.320081	440.989736	740.969181
Henriciella	0.996892	0.024507	0.205702	0	0.008721	0	50.825575	108.567558	50.53942	264.887962	144.246113	59.287585	63.934008	56.139474	37.150638
Hirschia	0	0	0	0	0	0	0	0	0	5.09197	0.941623	2.08998	0.320554	0.329507	1.13874
Hoeflea	2.38237	0.288698	1.16601	4.50618	2.2276	0.755979	6.20256	40.6262	17.561	43.29141	18.393285	9.98899	43.03662	22.029776	20.64411
Hydrocarboniphaga	0	0.029474	0.09344	0	0	0	4.43513	0.122652	1.14395	0.087249	0.467158	0.419677	0	0	0.042902
Hydrogenophaga	0	0	0	0	0	0	0	0	0	2.29844	0.745006	22.9126	0.59429	1.12519	1.15212
Hyphobacterium	1.637761	0.901132	2.373453	4.627021	0.524086	0.366513	0	0	0	62.40085	2.325191	4.4711	7.564374	4.322378	40.175947
Hyphomicrobium	0.765915	0	0.467147	0	0.220208	0	0	0	0	0	0.621844	0	0	0	0
Hyphomonas	6.645466	0.809133	2.796632	13.313239	7.309688	1.90469	17.76223	108.983445	58.872	88.888296	60.240031	21.741154	115.080713	71.903421	64.553196
Ilumatobacter	0	0	0	0	0	0	0.061837	0.076992	0	0.612747	0.247801	9.713333	1.47581	0.237068	16.62219
Indioceanicola	0	0	0	0	0	0	0	0	0	4.53436	0.057923	0	28.76285	0.972729	0
Isoptericola	0	0	0	0	0	0	0	0	0	0	0	1.48547	0.203736	0	1.35416
Jannaschia	0.820892	3.47368	4.69053	13.7251	30.008607	35.9851	67.277055	23.7876	42.7226	39.074133	18.012415	29.46595	5.486926	7.81748	12.72694
Jatrophihabitans	0	0	0	0	0	0	0.050645	0.250056	0	0.232775	0.040114	0.072403	0.07138	0.038601	0.021822
Joostella	0	0	0.079244	1.58201	0.580708	0.260997	0	0	0	1.31473	1.212	2.79265	2.02434	1.16251	5.45146
Kaistia	0	0	0	0	0	0	0	0	0	1.685329	0.281764	1.364499	0.726968	1.124852	1.300424
Kaustia	0	0	0	0	0	0	0	0	0	1.01236	0	0	5.90296	0.587812	0
Kineobactrum	0	0	0	0	0	0	0	0	0	0	0	0	0.165724	0.107145	0.199756
Klebsiella/Raoultellagroup	0	0	0.576065	0	0.354258	0	0	0	0	0	0	0	0	0	0
Klenkia	0	0	0	0	0	0	0	0	0	0.147388	0.146801	0.400406	0.102517	0.036813	0.04115
Kordia	0	0	0	0	0.007686	0.021826	0.526152	0.174374	0.253837	0	0	0.302879	0	0	0
Labrenzia	1.43233	0	0.011715	0	0.036711	0	3.061035	0	0	26.744002	28.185566	27.158688	1.198534	2.671772	3.808328
Lacticaseibacillus	32.598197	5.695547	0	7.436296	0	20.74624	16.934092	33.027997	36.250378	37.492678	14.217891	35.295861	2.038534	4.763584	1.687205
Lactiplantibacillus	2.15918	0.044807	0	0.526201	0	1.401841	2.435294	0	0.905556	0.370975	1.5776	2.150214	0.043194	0	0
Lactococcus	0.536359	0	0	0	0	0	0	0	0	0	0	0	0	0	0
Larkinella	0	0	0	0	0	0	0.02539	0	0	0.27057	0.061252	9.35633	0.00885	0.057555	0.18556
Leisingera	0	0	0.226159	0	0	0	0	0	0	0	0	0	0	0	0
Leuconostoc	0	0	0	0	0	0	0	3.0778	0	0	0	0	0.304411	0	0
Lewinella	0.057643	0	0.01121	0.325743	0.474139	0.032717	0.052518	0	0	1.69049	0.498611	2.47571	0.62968	0.720977	3.23648
Limnobacter	6.511981	3.988343	6.759999	0.140519	0.237026	1.133071	0.039771	0.159681	0.27152	2.215017	3.319617	20.5035	0.764037	6.902083	5.555571
Litoreibacter	19.91304	28.22311	35.33055	183.2434	111.5733	100.4693	89.957707	26.258409	30.763936	1.513572	5.367686	1.904597	0	0.784195	0.095449
Longimicrobium	0	0	0.030517	0.107162	0.010909	0	0	0	0	1.682239	0.920153	16.648326	0.739147	1.153069	1.7479
Luteimonas	0.18122	0.061809	0	0.046431	0.008935	0.102207	0.082096	0.407047	0.222375	0.125472	0.098097	0	0	0	0.035343
Lutibacter	0	0	0	0	0.012446	0	0.466119	0.143362	0.523294	0	0	0.332111	0	0	0
Lutibaculum	0	0.028416	0	0	0	0	0.075468	1.29017	0.134846	0	0.706115	0.860784	1.052932	1.9145	4.921458
Lutimaribacter	0	0	0	0.113724	0	0	0.134993	0	0	0.311551	0.476361	3.73648	1.46135	10.7886	14.3884
Lysobacter	0	0	0.025073	0	0	0	0.889801	0.096008	0.489387	0	0.185171	0.05559	0	0	0
Mameliella	21.9128	2.36594	2.609	34.733	19.3818	20.9118	8.79748	69.0646	16.1602	24.837028	3.774116	9.7328	2.894162	9.431942	13.8438
Mangrovimonas	0	0	0	0	0	0	0.956833	0.325388	0.719585	0	0	0.377244	0	0	0
Maribacter	28.0987	3.13526	4.89172	12.51877	3.924471	2.17716	0.674179	0.40708	0.499233	1.700001	0.841513	0.119272	3.90532	2.36861	1.281573
Maribellus	0	0	0	0	0	0	0	0	0	0.174044	0.134275	11.7262	0	0.151607	0.171148
Maricaulis	0	0	0	0	0	0	0	0	0	21.72311	5.503502	10.9529	1.409923	1.433089	5.107153
Mariluticola	0	0	0	0	0	0	0	0	0	0.906789	0.684873	1.1103	0.384665	0.589644	0.880368
Marinibacterium	0	0	0	0	0	0	0	0	0	1.6063	0.919226	5.678049	1.941929	10.162787	11.294864
Marinicauda	0	0	0	0.039339	0.022933	0.046807	0	0	0	71.300832	40.340824	34.2319	6.461717	4.978429	16.800301
Mariniphaga	0.066728	0	0.025869	0.618207	0.53306	0.076105	0	0	0	2.15684	0.720828	2.69361	1.01554	0.863887	3.10676
Marinobacter	4689.846361	7507.832592	6280.581886	419.247823	396.13268	599.166913	5.690208	11.137678	9.445642	0.928086	0.672154	1.909636	1.240354	0.065589	0.64602
Marinoscillum	0	0.015354	0.118094	0	0.018291	0.009599	1.511349	0	0.130258	15.709746	5.215784	619.1796	1.160954	5.871944	7.077591
Marinovum	0	0	0	0	0	0	0	0	0	3.236966	0.478288	2.386865	2.01461	4.875023	8.750489
Maritalea	0	0	0	0	0	0	0	0	0	2.35349	0.458752	2.29705	3.068845	5.365168	7.510582
Maritimibacter	0	0	0.013877	0	0	0	0	0	0	70.939858	6.329342	35.346844	10.614863	22.458867	27.141342
Marivirga	14.5195	1.72766	3.57217	8.071555	2.461198	1.517434	0.399791	0	0.124884	2.178727	2035.83474	812.33311	4.4266	101.274804	164.946173
Marivita	227.21896	21.886081	28.81777	274.52186	177.30723	191.274419	67.27634	565.5464	161.47333	217.762278	58.30222	72.98274	46.706395	26.671357	23.554183
Marmoricola	0	0	0	0	0	0	0	0.197872	0	0.501622	0	0.229255	0.087004	0.031282	0.14037
Martelella	0	0	0	0	0	0	0	0	0	3.367837	1.18663	25.542598	0.54957	1.551155	1.827179
Mesorhizobium	9.842508	0.886337	2.141584	9.312536	5.370065	1.28642	26.728705	148.184174	104.452147	48.027368	58.07239	39.051783	163.266437	362.868009	657.070734
Methylobacterium	0	0	0	0	0	0	0	0	0	0	0.870389	0	0	0	0
Methyloceanibacter	0	0	0	2.08774	3.36545	7.50492	0	0	0	0.614357	15.453381	1.692163	5.408037	25.280492	31.913693
Methylocystis	0	0	0	0	0	0	0	0	0	1.26463	1.28141	0.105556	1.03564	0.945786	0.579714
Methyloversatilis	9.193182	1.607449	2.222555	5.716403	0.970395	7.433953	6.192506	23.523338	13.129809	18.617596	10.972497	17.968677	0.751718	0.32475	0.230802
Microbacterium	0	0	0	0	0	0	0	0	0	0.77136	0.281515	0.1714	0	0.048296	0
Microbaculum	0	0	0	0	0	0	0	0	0	0.095631	0	0	2.27008	0.16669	0.026844
Microtetraspora	0	0	0	0	0	0	0	0	0	0	0	0.662791	0.132669	0	0.81357
Microvirga	0	0	0	0	0	0	0	0	0	0	0	1.20273	0.375557	0	0
Mongoliitalea	34.5197	10.1638	19.7662	47.3231	49.1092	19.1876	19.7946	41.7963	32.8248	11.2258	11.5229	23.88	1.39499	1.44489	1.2504
Mycobacterium	0	0	0	0	0	0	0	0	0	0	0	0.644136	0.246832	0.01907	1.35855
Nesterenkonia	0	0	0	0	0	0	0	0	0	2.64372	0	0	0	0	0
Nevskia	0	0.142808	0.051053	0	0.024876	0	2.122347	0	5.435434	0	0.894813	0	0	0	0
Nitratireductor	0.768884	0.136916	0.081931	0.066201	0.133765	0.527679	3.248765	12.55561	13.963167	176.742804	189.303027	311.829402	301.788598	819.594153	510.003394
Nitriliruptor	0	0	0	0	0	0	0	0	0	0	0	0.715089	0.066787	0	1.00306
Nocardioides	1.48271	0	0	0	0.173739	0.536059	0.239859	9.041628	5.054003	0.994418	2.541563	3.665436	0.98558	3.526842	0.44935
Nocardiopsis	0	0	0	0	0	0	0	0	0	1.07862	0.050133	1.90446	0.768566	1.22101	1.0732
Nonomuraea	0	0	0	0.010976	0	0	0.019295	0.193181	0	0.146646	0.124587	0.055913	0.087203	0.087295	0.066324
Novosphingobium	0	0	0	0	0	0	0.62408	0	1.58636	0	0.069032	0	0.702766	0.137725	0
Oceanibaculum	0	0	0	0	0.034885	0.078107	0	0	0	474.97624	7.039331	2.976145	55.410778	1.70326	0.220806
Oceanicaulis	0	0.010925	0.025294	0.260619	0.049107	0.080753	0.199331	0	1.230374	241.084062	281.609488	127.61727	18.068483	15.594521	35.471574
Oceanicella	0	0	0	0	0	0	0	0	0	0.174831	0	1.86811	0.764831	5.17808	9.99564
Oceanicola	0	0	0	0.427403	0.413104	0.71849	0.095837	0	0	0.599471	0	0	1.3182	3.69182	0
Oceaniradius	67.13619	8.564673	27.680998	121.27332	70.73727	18.094445	180.94995	1059.6702	515.5268	461.2263	497.403	110.5895	1058.37248	635.4947	533.64482
Oceanithermus	0	0	0	0.239893	0.53114	0.277596	0	0	0	0	0.160304	0	0	0	0
Oceanococcus	0	0.017347	0.031695	0	0	0	1.733606	0.176749	0.789469	0.264728	0.154072	0.300353	0.083966	0.04536	0
Oricola	12.51024	1.310583	4.333723	20.04303	12.36348	2.628123	29.09226	176.2702	81.8344	66.883038	82.172853	20.353097	169.853724	107.956896	99.726524
Ornithinimicrobium	0	0	0	0	0	0	0	0	0	0	0	1.13237	0.171748	0	1.14342
Owenweeksia	0	0	0	0.021469	0.030195	0	6.076247	0.861734	4.894974	0.800005	0.23169	16.105043	0	0.02849	0.032018
Paenibacillus	0	0	0	0	0	0	0	0	0	0.588836	0.178727	0	0.081632	0.117453	0
Palleronia	0	0	0	0	0	0	0	0	0	0.100388	1.000105	2.80319	1.822698	6.55033	10.1035
Panacagrimonas	0	0	0.088676	0	0	0	0.882511	0	1.52015	0	0.312541	0	0	0	0
Pannonibacter	0	0	0	0	0	0	0	0	0	1.58534	0.942632	0	0.384068	1.08157	0.147381
Paracoccus	0	0.035294	0.019317	0.202117	0	0	0	2.25241	0	84.705766	21.936886	107.123693	21.114518	39.255827	36.988807
Paradevosia	0	0	0	0	0	0	0	0	0	0.476751	0.038786	1.08013	0.461708	0.718908	0.497203
Paraflavitalea	0	0	0	0	0	0	2.45946	0	6.74794	0	0	0	0	0	0
Parahaliea	0	0	0	0	0	0	0	0	0	0.202561	0.033325	0	0.350266	0.185524	0.338969
Parapedobacter	18.2018	2.53924	2.99229	10.5662	2.35964	1.44245	0.369501	0.89587	0	2.43149	0.142785	0.648798	3.24819	1.35717	1.43824
Paraperlucidibaca	0	0	0	0	0	0	0.075468	0.552929	0	0	0.235613	0.533816	0.107516	0.145038	0.032589
Pararhodobacter	0	0	0	0	0	0	0	0	0	13.4474	0.03161	2.96119	1.43209	0.07526	0.989838
Parasphingopyxis	2.86682	0.175686	0.877114	4.74766	2.66787	0.776399	8.70952	42.8787	20.411	16.9142	19.8206	5.82496	38.8139	23.7515	21.7312
Parvibaculum	0.026328	0.192099	0.22492	0.109732	0.063588	0.127788	0	0.210799	3.040308	198.970995	130.272142	80.385844	103.063944	123.324628	61.735821
Parvularcula	0	0	0	0.029303	0	0	0	0	0	4.63518	1.46338	1.97571	0.332792	2.16538	0.842991
Patulibacter	0	0	0	0	0	0	0	0	0	0	0.303256	0	0	0	0.174403
Pedobacter	0	0	0.006056	0.03579	0.012266	0	0.749952	0.527398	1.317272	0.144728	0	10.481229	0.016633	0.053983	0.101814
Pelagerythrobacter	0	0	0	0	0	0	0.258881	0.59206	1.77889	0	0	0	0.493494	0	0
Pelagibacterium	0	0	0	0	0	0	0.790514	0.23722	0	200.886041	37.51044	106.244485	63.095187	72.783619	86.66402
Pelagimonas	1.10251	3.27201	6.23022	14.4785	35.702	36.6937	73.4931	25.7955	50.5747	14.8508	19.9508	3.86208	0.131991	0.211678	0
Phaeobacter	1.49683	0.218302	0.729878	3.90233	2.05823	0.768526	6.23261	37.9257	15.5535	14.1791	18.3027	2.97699	33.8469	21.1209	19.3668
Phaeocystidibacter	0	0	0	0.361839	0.059585	0	6.34753	1.272329	3.782525	0	0	2.696656	0	0	0
Phaeodactylibacter	0	0	0	0	0	0	0.460066	0	0.069291	0	0.091771	0	0	0	0
Phycisphaera	0.035132	0	0	0	0	0.058984	0	0	0.107548	61.49731	68.18008	21.842715	446.6324	476.5348	56.31686
Phyllobacterium	0	0	20.519673	0	19.633869	0	0	0	0	3.784255	2.200818	2.019417	0.942486	0	0.154671
Phytoactinopolyspora	0	0	0	0	0	0	0	0	0	0	0	0	0	0.657246	0
Pigmentiphaga	0	0	0	0	0	0	0	0	0	0.864518	0.080041	0.81623	0.349793	0.820921	0.631065
Pikeienuella	6.21848	0.516815	1.07838	9.32174	7.93558	5.54557	2.12116	15.5194	6.15117	5.45353	1.32562	2.59473	0.090814	0.390285	0.108273
Polyangium	0	0	0.01196	0	0	0	0.056215	0	0	0.603719	1.33133	1.60352	4.11	5.15135	8.50599
Polycyclovorans	0	0.674118	0.245487	0.064167	0.039759	0	10.512456	1.368904	7.808363	1.822636	3.584353	2.027028	0.114142	0.05732	0.268293
Polynucleobacter	0	0.069568	0.038118	0	0.019029	0	0	0	0	0	0	0.259519	0	0.035715	0.039951
Ponticaulis	0	0	0	0	0	0	0	0	0	3.45494	0.94193	2.21243	0.352261	0.203688	0.782819
Portibacter	0	0.044774	0.048359	0.336477	0.328461	0.172743	0.596694	0.728911	0.133308	1.27205	0.632191	2.033382	0.76471	0.466614	2.85005
Poseidonocella	0	0	0	0	0	0	0	0	0	0	0.214589	2.9455	1.41816	7.08647	11.7497
Prolixibacter	0	0	0.010509	0	0	0.030574	0	0	0	0	12.648	4.63484	0	0.635708	1.37464
Proteus	0	0	0	0.960014	0	1.07212	0	9.21654	0	0	0	0	0	0	0
Pseudoalteromonas	0	0	0.039087	0	0	0	0	0	0.352971	0	0.597763	0	0	0	0
Pseudolabrys	0	0	0	0	0	0	0	0	0	1.98411	0.835452	17.4191	0.622392	1.06674	1.28687
Pseudomonas	2.793101	0	0.829252	0.215274	0.779183	0.703122	0	0.808037	0	4.306487	1.368204	3.417528	0.375617	0.330745	0.179656
Pseudonocardia	0	0	0	0	0	0	1.76162	0	0	0.262558	0.297928	0.247711	0.132463	0.05217	0.192495
Pseudooceanicola	0	0	0	0	0	0	0	0	0	3.742818	6.045587	3.177145	1.758631	31.953177	1.39457
Pseudoponticoccus	0	0	0	0	0	0	0	0	0	1.81522	0.305904	0.550975	0.040312	0.218233	0.016501
Pseudoruegeria	0	0	0	0	0	0	0	0	0	0	0	0	0	0.958365	0
Pseudovibrio	0	0	0	0	0	0	0	0	0	0.355173	0	0	0.195895	0.105975	0.13994
Psychroflexus	0	0	0.014365	0	0	0	0	0	0	0	16.0949	7.06644	0	0.863107	1.23644
Pukyongiella	0	0	0	0	0	0	0	0	0	3.09518	0	1.85036	0.073153	0.0781	0
Putridiphycobacter	0	0	0	0	0.006953	0	0.474102	0.39341	0.4007	0	0	0.364429	0	0	0
Qipengyuania	0.111663	0	0	0.019042	0.007375	0	2.067974	2.852268	5.732126	2.728409	1.533296	0.55853	2.213453	0.550404	0.052085
Quisquiliibacterium	0	0.151358	0.038566	0	0	0	0	0	1.39202	0	0.147419	0.543262	0	0	0
Ramlibacter	0	0	0.226159	1.41896	0	0	1.41151	0	0	0	0.593479	0	0	0	0
Rheinheimera	0	0	0	0	0	0	0.031374	0	0	0.095668	0	0	0.087708	0.059387	0.08097
Rhizobium/Agrobacteriumgroup	11.40624	0.227515	7.594263	14.389727	13.802852	3.489366	23.232776	116.54494	67.217328	68.716564	83.465514	43.010846	168.639894	108.710548	106.04113
Rhodobacter	0	0	0	0	0	0	0	0	0	1.672386	0.943433	4.56599	3.5409	13.4999	18.271121
Rhodobium	0	0	0	0	0	0	0	0	0	0.754049	0	0	1.32987	0.128225	0
Rhodoligotrophos	0	0	0	0	0	0	0	0	0	0	0.261882	0	0	0	0.164929
Rhodophyticola	8.74014	0.600624	2.9633	10.18956	6.3457	1.25451	14.92029	96.9482	51.3008	42.107	50.1256	8.62263	93.6232	56.7839	51.2673
Rhodovulum	0	0	0	0	0	0	0.052518	0	0	2.34364	0.166204	1.709182	7.3746	0.650577	1.94641
Robertkochia	32.8014	4.86075	7.00773	18.08858	5.83407	3.04334	0.773445	1.621264	0.547113	4.09932	0.596212	0.192485	6.98199	2.59795	2.203238
Roseibacterium	0	0	0	0.171556	0	0	0	0	0	17.059826	2.11998	30.40715	24.356345	88.492256	130.7927
Roseibium	1.400992	0	0.452317	0	0	0	0.802427	4.55634	0.633324	46.028537	40.403273	41.396984	7.12416	4.990819	5.474442
Roseicyclus	0	0	0	0.249854	0.008419	0	0.206681	0	0	20.753319	23.62472	149.564144	122.832347	479.560674	755.0238
Roseisalinus	0	0	0	0	0	0	0	0.437398	0.557788	0.067559	0.175597	0.126637	0.54319	2.33448	4.85018
Roseitalea	195.620997	38.017543	89.985469	406.14049	289.89516	153.907901	713.349893	3071.8409	1636.3867	1339.68237	1521.349562	320.830775	3076.248481	1826.918899	1573.744069
Roseitranquillus	0	0	0	0	0	0	0	0	0	0.044223	0.25616	1.42377	1.484391	4.78662	7.67582
Roseivirga	0.061066	0.041959	0.023722	0.358966	0.334158	0.069443	2.044632	0.404381	1.890304	1.28224	0.440034	2.563303	0.806788	0.40419	2.7144
Roseivivax	0	0	0	0	0	0	0	0	0	5.12913	0	0	17.74218	0.517008	0
Roseobacter	8.228734	16.789072	26.91147	61.60652	166.354454	147.563022	296.23868	147.913593	268.9378	136.7018	116.32562	34.47426	55.633403	38.40139	41.359392
Roseovarius	62.809318	13.98408	19.075728	116.829046	113.701951	145.570714	164.021642	216.4664	138.3472	928.903489	105.111518	1171.151543	949.225229	1330.272318	859.018376
Rubellimicrobium	2.04124	0.191342	0.913432	4.0158	2.84299	0.804479	5.09159	41.3829	18.3748	24.88409	15.9713	5.76354	40.110095	19.5639	20.8949
Rubrimonas	0	0	0	0	0	0	0	0	0	0	0.684672	1.52255	1.03094	6.43159	11.8857
Ruegeria	4.1431	0.632627	1.67691	8.81503	4.03189	1.09597	15.503	66.7455	40.1075	30.1484	38.977472	9.14745	75.06961	57.7361	54.2204
Sabulicella	0	0	0	0	0	0	0	0	0	0.089026	0	0	0.635552	0.044319	0
Sagittula	8.039028	0.110275	0.32854	4.520452	0.044528	0.107299	0.583175	0.83193	0.157567	69.213513	35.856525	98.191132	16.91798	17.580515	13.234326
Salipiger	0	0	0	0.027189	0	0	0	0	0	4.747114	0.761859	4.477495	1.408766	9.375938	11.182008
Salmonella	0	0	0	0	0.389333	0	0	0	0	2.10045	0	0	0	0	0
Salsipaludibacter	0	0	0	0	0	0	0	0.630955	0	0	0	0.367579	0.212245	0.112521	0.122659
Sandaracinus	0	0	0	0	0	0	0.15836	0	0	0	1.65363	3.25144	9.35074	10.8286	25.1042
Saonia	0.480892	0	0.045141	0.778175	0.482602	0.150468	0	0	0	1.51734	0.862952	1.59302	0.723098	0.961393	5.77255
Schleiferia	0	0	0	0	0.017332	0	1.4168	0.202848	0.594225	0	0	0.822592	0	0	0
Sedimentimonas	0	0	0	0	0	0	0	0	0	5.02198	0.993573	1.83471	1.62766	0	0.623653
Sedimentitalea	20.46606	8.94535	12.1277	56.4442	81.6992	102.7822	165.32385	91.0137	107.9188	52.7516	34.32011	16.25401	0.826748	0.213099	0.204262
Sediminihaliea	0	0	0	0	0	0	0	0	0	0.338853	0.114573	0	0.339085	0.394163	0.158242
Shinella	0	0	0	0	0	0	0	0	0	0	0	0	0	0	0
Sinimarinibacterium	0	0.071327	0.036162	0	0	0	2.944443	0.641392	0.86614	0.19432	0.578997	0.155596	0.054897	0.087353	0.018507
Sinorhizobium/Ensifergroup	0	0	0.062878	0	0.060266	0	0	0	0	13.0749	0.040283	4.23465	1.91125	0.430898	1.41025
Solimonas	0	0.457671	0.046701	0.018701	0	0	7.008662	2.496079	2.904545	0.799226	0.66635	0.759755	0	0.47361	0.222362
Sphaerisporangium	0	0	0	0	0	0	0	0	0	0	0	0.552512	0.132545	0.021562	0.786372
Sphaerobacteraceae	0	0	0	0	0	0	0	0	0	0	0	0.198753	0.074713	0	0.998297
Sphingobium	5.67099	5.18767	10.0065	48.8001	30.1794	30.853	30.7958	7.22644	8.78766	1.26223	1.638056	1.25515	0	0.608031	0.460217
Sphingomonas	0	0	0.014583	0	0	0	0	0	0	0.205034	0	0	0.129283	0.114573	0.187926
Sphingopyxis	0	0	0	0	0	0	0	0	0	0	0	0	0	0	0
Sphingorhabdus	0	0	0	0	0	1.27889	0	0	0	0	0	0	0	0	0
Stagnimonas	0	0	0.013877	0	0	0	1.207636	0.651691	0.589251	0.101134	0.05162	0.379937	0	0	0
Stappia	0.383075	0	0	0.028349	0.046904	0.076985	0.715928	0	0.244516	193.387357	700.065455	542.61872	87.851503	169.226692	89.912205
Streptococcus	0	0	0	0	0	0	0	0	0	0	0.625081	0	0	0	0
Streptomyces	0	0	0	0	0	0	0	0	0	0	0	0.566128	0.282866	0	0.688064
Sulfitobacter	35.48578	5.112574	5.63486	55.53471	31.0189	40.980331	26.36536	156.9623	48.24616	60.668109	29.691383	19.11298	48.943322	38.656032	38.26633
Tabrizicola	0	0	0.265518	0	0.49319	0	0	0	0	0	0.289613	2.51911	2.03249	7.35032	13.1275
Tateyamaria	2.78958	0.538723	1.49838	5.75621	3.47254	0.960963	7.984567	52.4558	23.4195	50.1543	25.388945	12.47534	51.08007	29.442974	28.18775
Telluriagroup	0	0.041959	0.011861	0	0	0.034722	0.390071	0.274525	0.200347	0.085483	0.220017	0.079493	0	0	0
Tenacibaculum	0	0	0.015971	0	0	0	0.427141	0.494789	1.10589	0	24.6643	11.087104	0.027211	0.79281	1.48416
Thalassorhabdomicrobium	0	0	0	0	0	0	0	0	0	0	0	0	0	0.373875	0
Thauera	2.420148	0.235038	0.251069	1.067171	0.153197	1.988925	1.063225	5.743172	2.132813	5.489638	1.62033	2.856087	0.065459	0.314846	0.036253
Thaumasiovibrio	0.038376	0.010508	0.020755	0.370454	0.279841	0.061643	0	0	0.039682	1.04267	0.374272	1.77443	0.635207	0.542075	2.48647
Thermomonas	0	0	0	0	0	0	0	0	0	20.4465	0.576374	3.12952	20.4759	4.19764	5.44698
Thermomonospora	0	0	0	0	0	0	0	0.140246	0	0.262247	0.089902	0.162444	0.060381	0.06527	0.122797
Thioalkalivibrio	0	0	0	0	0	0.037161	1.375139	0.586476	0.321166	2.13858	0	0	0	0	0
Tistrella	0.186785	0	0.108362	0	0	0	0.67561	0	0	351.174184	135.460052	3289.1383	100.083399	182.372069	226.51208
Tranquillimonas	3.52478	0.329649	1.0684	5.3043	2.05393	0.457378	6.2755	35.3061	18.1373	13.5069	18.3998	5.41826	40.2454	24.7091	22.8486
Tritonibacter	0	0	0	0	0	0	0	0	0	0.148519	0	0	0.378833	0.037098	0
Tropicibacter	0	0	0	0	0	0	0	0	0	0	0	0	0	1.0821	0
Urechidicola	0	0	0	0.563084	0.454829	0.070501	0	0	0	1.57886	0.77499	2.66935	0.816103	0.658343	3.61437
Variovorax	0	0	0	0	0	0	0.122096	0	0	2.15684	0.624717	22.244	0.777864	1.16741	1.52705
Vibrio	0	0	1.584829	0	1.730652	0	3.94778	0	2.32093	0	0	0.853443	0	0	0
Wenzhouxiangella	0	0	0	0	0.067805	0	0	0	0	191.6578	6.525278	28.079	156.1152	28.21871	49.62594
Winogradskyella	1.04687	0	0.663795	0.0425	0.131633	0	0.354821	0.046755	1.387077	0	19.0893	6.57415	0	0.889262	1.47196
Xanthobacter	0	0	0	0	0	0	0	0	0	13.1245	0.02922	3.47249	2.25497	0.110993	1.27517
Xanthovirga	0	0	0.007348	0.019192	0	0	0	0	0	0	18.8589	8.19267	0	0.821292	1.61739
Yoonia	30.3327	2.89067	4.20285	39.2869	25.6496	30.6293	9.07451	74.4836	20.1296	57.2341	5.125502	17.98551	5.493028	0.493012	3.015735
Youhaiella	0	0	0	0	0	0	0	0	0	0.118185	0.154309	0	0.135615	0.029365	0.049954
Zavarzinia	0	0	0	0	0	0	0	0	0	11.45338	0.091236	0.054774	0.826621	0	0
Zhengella	0	0	0	0	0	0	0	0	0	1.38452	0	0	7.04648	0.433782	0.050882
Zoogloea	0	0	0	0	0	0	0	0.091127	0	0.565322	0.077471	0.158286	0.277834	0.139069	0.231392
Other_Acidimicrobiaceae	0	0	0	0	0	0	0	1.431641	0	1.356516	0.143519	15.007465	2.540178	0.373339	20.576068
Other_Acidithiobacillaceae	0	0	0	3.083551	0	20.692221	1.786268	7.154869	5.427674	20.881971	4.749439	25.374785	0.825633	1.477914	0.071716
Other_Alcaligenaceae	0.199058	0.248584	0.326468	0	0.050017	0.049977	0	0	0	0.061343	0	1.901459	0.03391	0.558622	0.26355
Other_Anaerolineaceae	0	0	0	0	0	0	0	0	0	0	0	0.689036	0.056753	0.020455	0.531525
Other_Beijerinckiaceae	0	0	0	0	0	0	0	0	0	0	0	0	1.64138	0	0
Other_Burkholderiaceae	0	0	0.301349	0.432963	0	0	0	0.923349	0	0.628282	0	0.535877	0.074281	0	0
Other_CandidatusBostrichicola	0	0	0	0	0	0	0.529804	0	0.173569	0	0	0.620358	0	0	0
Other_CandidatusPromineifilaceae	0	0	0.139084	0	0.129032	0	0	0	0	0	0	0	0	0	0
Other_Chitinophagaceae	0.05788	0	0	0.158637	0.050143	0	1.577204	0.797176	2.585197	0	0	0.430904	0	0	0
Other_Comamonadaceae	0	0	0.349746	0	0	0	0	0	0	10.3256	1.17303	3.25443	1.66833	0.18373	0.726194
Other_Crocinitomicaceae	0	0	0.005159	0	0.005231	0	0	0	0	0	16.2004	6.81593	0.008207	0.667285	1.05339
Other_Cryomorphaceae	0	0	0	0.027393	0.17924	0	4.95509	1.535771	3.997328	0	0	4.448421	0	0	0
Other_Cyclobacteriaceae	872.6869	261.220443	505.152947	1172.385059	1167.737112	602.260666	522.030169	897.46682	956.719662	238.990622	288.43409	507.399191	35.800887	43.684095	37.203676
Other_Cytophagaceae	0	0	0	0	0	0	0	0	0	0.274487	0.086212	7.55386	0.012593	0.027274	0.232142
Other_Demequinaceae	0	0	0	0	0	0	0	0	0	0	0	1.02963	0	0	1.41292
Other_Devosiaceae	0	0	0	0	0	0	0	0	0	70.46969	0.830531	15.09935	8.983493	0.922359	6.123323
Other_Egibacteraceae	0	0	0	0	0	0	0.140778	0.521489	0	1.311013	0.895023	1.90364	0.380042	0.232524	0.446224
Other_environmentalsamples	0	0	0	0	0	0	0	0	0	0	0	1.14709	0.203127	0	0.619534
Other_Erythrobacteraceae	0	0	0	0.031943	0.048744	0	0.226854	0.837832	1.12113	0.059824	114.039071	230.33428	0.945535	20.879937	15.076393
Other_Flammeovirgaceae	0	0	0.076047	0	0.026475	0	1.749925	0	0	10.237566	18.304715	538.67982	0.666944	5.572927	7.752516
Other_Flavobacteriaceae	12.90972	1.975795	2.050754	5.61026	1.7496	0.41394	0.132966	1.711301	0.079957	1.6345	0.678733	12.975829	11.318972	5.441755	29.954132
Other_Geminicoccaceae	0	0	0.019448	0	0.007831	0	0.366922	0.807848	1.444315	16.244569	6.284105	146.927162	7.419887	13.56909	23.02026
Other_Gemmataceae	0	0	0	0	0	0	0	0	0	1.47938	10.1154	3.63916	6.99244	8.29508	13.6674
Other_Halieaceae	0	0	0	0	0	0	0	0	0	0.231619	0.110676	0	0.162704	0.116296	0.256801
Other_Hymenobacteraceae	0	0	0.009592	0	0	0	0	0	0	0	17.6324	6.01313	0	1.01841	1.32621
Other_Hyphomicrobiaceae	0	0	0	0	0	0	0	0	0.095274	1.948891	0.209422	2.64702	6.651139	0.890364	2.058789
Other_Hyphomonadaceae	0.53907	0	0.115057	0.077086	0	0.03164	3.620397	5.850435	4.632334	43.574361	26.492095	20.213808	6.349072	6.103882	10.828966
Other_Ignavibacteriaceae	0	0	0.144226	0.415427	0.559277	0	0	0	0	4.05664	0.367157	5.76354	1.93898	1.85342	6.74027
Other_Ilumatobacteraceae	0	0	0	0	0	0	0.052303	0	0	0.080166	0.165545	9.821107	1.031241	0.078592	8.886758
Other_Maricaulaceae	0	0	0	0.033711	0	0	0.094421	0	0	76.57802	16.884081	35.73747	6.78272	5.075964	17.817044
Other_Marinobacteraceae	5720.809551	9106.59674	7675.194889	498.183391	472.164542	690.327487	6.09053	11.660652	9.885892	0.100608	0.125891	0.359331	0.279036	0	0.451745
Other_Melioribacteraceae	0.167262	0.021745	0.093948	0.760975	0.492373	0.10779	0.026773	0	0	2.68143	1.183603	4.08407	1.193571	1.023355	5.63976
Other_Microbacteriaceae	0	0	0	0.277148	0.549359	0.740564	0	0	0	0	0.250191	0.689468	0	0	0
Other_Microthrixaceae	0	0	0	0	0	0	0	0	0	0	0	0.914863	0.152905	0	1.962782
Other_Moraxellaceae	0	0	0	0	0	0	0	0	0	0	1.86553	0	0	0	0
Other_Nevskiaceae	0	0.007154	0.049535	0.021628	0	0.080467	5.433716	2.08807	2.603729	4.486611	2.047199	2.045641	0.046843	0.212698	0.634444
Other_Nitriliruptoraceae	0	0	0	0	0	0	0.059904	0.147288	0	0.367964	0.141559	0.085304	0.190726	0.068705	0.051665
Other_Nocardioidaceae	0	0	0	0	0	0	0	0.525892	0.12819	0.24264	0.321644	0.989878	0.229505	0.126528	0.302617
Other_Oceanibaculaceae	0	0	0	0	0	0	0	0	0	85.1766	1.117789	0.179113	11.190231	0.424595	0.168285
Other_Other_Acidimicrobiales	0	0	0.013053	0	0	0	0.125699	1.025187	0	0.83073	0.966616	48.620884	7.392159	0.929909	65.777158
Other_Other_Anaerolineales	0	0	0	0	0	0	0	0	0	11.9402	0	3.63786	1.77358	0.085986	1.47933
Other_Other_Bacteroidales	0.966595	0.101843	0.173306	3.687785	2.756691	2.323263	1.695465	0.981527	1.756524	13.9268	3.06293	47.713361	4.841916	4.770701	20.687824
Other_Other_Bifidobacteriales	0	0	0.693478	0	0.870742	0	0	0	0	0	0	0	0	0	0
Other_Other_Bryobacterales	0	0	0	0	0	0	0	0	0	0	0	0.701654	0.065464	0	0.797515
Other_Other_Burkholderiales	0	0	0.058744	0	0	0	1.04636	0	0	0.147388	0.146801	0.266937	0	0	0
Other_Other_CandidatusAccumulibacter	0	0	0	0	0	0	0	0	0	0	0	0	0	0.360699	0.396113
Other_Other_Caulobacterales	0	0	0	0	0	0	0.05105	0	0	0.782197	0.808487	0	0.053972	0.097286	0.065991
Other_Other_Chitinophagales	0	0	0	0	0.048111	0	0.600538	0	0.635251	0	0	0.333642	0	0	0
Other_Other_Cytophagales	0	0	0	0	0.015572	0	0.621476	0.181204	0.530208	2.217714	0.373504	66.811315	0.014992	0.631027	0.623178
Other_Other_Euzebyales	0.173091	0	0.01148	0	0	0	4.174427	54.494707	1.405864	45.934036	31.568967	46.373048	17.884242	19.717169	16.409935
Other_Other_Flavobacteriales	51.09277	7.453152	10.07857	30.419162	7.493687	4.98808	5.286322	3.157286	4.142241	7.280185	2.254453	8.377015	60.464439	23.00361	137.656196
Other_Other_Frankiales	0	0	0	0	0	0	0.063634	0.159514	0	0.072483	0.154397	0.1385	0.049704	0.035945	0.075166
Other_Other_Hyphomicrobiales	3.6678	4.54738	11.150607	28.198535	65.199412	70.142849	147.151558	91.691441	111.144559	1788.899372	70.817208	444.610394	288.070027	36.006462	193.757868
Other_Other_Ignavibacteriales	0	0	0	0	0	0	0.026717	0	0	0.325492	0.042934	11.2289	0.009318	0.080787	0.091897
Other_Other_Lactobacillales	0.139267	0.024017	0	0.107585	0	0.039769	0.127581	0	0	0.294169	0	0.181377	0	0	0
Other_Other_Lysobacterales	0	0	0	0	0.014275	0	0	0	0	26.2741	1.05858	3.35325	19.5246	3.67383	6.29128
Other_Other_Marinilabiliales	0	0	0	0	0	0	0.492514	0	0.423488	0	0	0.657124	0	0	0
Other_Other_Mycobacteriales	0	0	0	0	0	0	0	0	0	0.208349	0.081926	0.294906	0.047777	0.07762	0.08813
Other_Other_Myxococcales	0.049513	0	0.176177	1.867073	1.497414	1.385363	5.635664	2.706001	1.664111	30.338207	80.615327	178.378929	411.7112	501.73956	874.22707
Other_Other_Nevskiales	0	0	0.005967	0	0	0	0.355498	0.068203	0.049592	0.041651	0.021964	0.118454	0	0.010338	0.011758
Other_Other_Other_Actinomycetota	0.143143	0.013392	0.028711	0.084393	0.032243	0.339729	12.925028	27.291377	27.038538	7.916463	8.068331	64.945649	31.242524	28.197463	109.990983
Other_Other_Other_Alphaproteobacteria	41.40064	3.551165	4.541944	45.347325	26.394102	41.3486	12.749945	106.619189	37.123833	482.233416	85.383445	200.567316	62.74026	61.906511	119.051308
Other_Other_Other_Bacteroidia	0	0	0	0.047522	0	0	1.93121	0.178202	0.521339	0	0	0.821864	0	0	0
Other_Other_Other_Firmicutes	0	0	0	0	0	0	0	0	0	0	0	0	0	0	0
Other_Other_Other_Flavobacteriia	0	0.013538	0.007788	0.015106	0.203536	0.016546	5.406622	0.851578	4.118803	1.10298	0	2.952156	0.875326	0	0
Other_Other_Other_Gammaproteobacteria	0.797128	0.478309	0.2224	0.261425	0.419918	1.001296	5.368531	1.261232	4.898313	7.136076	3.938014	6.471556	0.505567	0.742511	2.590003
Other_Other_Other_Myxococcota	0.030841	0	0.056051	0.218822	1.888693	4.41141	0.819835	0.899127	0.393132	5.000275	15.583923	29.930896	62.194162	76.978286	133.306386
Other_Other_Other_Other_bacteria	33.277187	9.051252	19.184424	77.616781	67.247432	49.76128	1187.026374	601.368035	1225.155121	143.589053	395.186202	255.711344	172.142313	113.004896	1033.769705
Other_Other_Other_Other_Bacteroidota	0.191449	0.052381	0.369776	1.905187	1.379345	0.557974	22.195107	5.565789	12.432895	3.844247	112.832942	78.010763	2.300813	7.755399	15.168887
Other_Other_Other_Other_proteobacteria	6.559155	2.470852	4.346417	6.506401	4.226322	2.482296	13.094425	56.906496	30.175713	233.024092	69.554028	165.350338	121.871389	97.916844	160.656022
Other_Other_Other_Planctomycetota	0.20903	0.051749	0.206744	0.300711	0.463295	0.646334	14.3023	6.396033	12.0887	1134.31661	1385.19463	1491.57497	5266.734418	7151.292144	5426.83709
Other_Other_Phycisphaerales	2.348294	0.363811	0.890819	1.610963	2.287228	2.293283	70.7923	36.76091	71.3147	113.080735	161.46076	143.602407	578.354849	755.827155	536.22385
Other_Other_Propionibacteriales	0	0	0	0	0	0	0	0.10898	0	0.201972	0.140007	0.252419	0.03093	0.083681	0.2085
Other_Other_Pseudomonadales	0.688775	0	0	0.823742	1.31334	6.32613	0	0	0	0.404536	1.3329	0	0.256549	0.251913	0
Other_Other_Rhodobacterales	0	0	0.010706	0.02824	0	0	0	0	0	13.204343	5.556883	34.226271	24.042801	95.348403	146.283748
Other_Other_Rickettsiales	0	0	0.054416	0	0	0	0.25002	0	0	1.931385	1.375446	96.38677	0.207759	1.371966	1.132807
Other_Other_Saprospirales	0.236189	0.016126	0.064544	0.508533	0.474616	0.026668	0	0	0.154624	1.30998	0.579482	2.39629	1.08309	0.586107	2.80354
Other_Other_Sphingomonadales	0.155855	0	0	0	0	0	2.536194	1.796172	13.171793	2.46523	0.673888	19.9908	3.434005	1.399725	1.05056
Other_Other_Thermoanaerobacterales	0	0	0	0	0	0	0	0	0	0	0	0.285876	0.104111	0.01253	0.768457
Other_Paracoccaceae	50.881452	23.244429	26.648944	808.907261	164.418605	91.80904	217.337739	628.496712	1617.82147	179.176186	52.868067	105.56228	97.767812	79.010304	99.161006
Other_Paraliomyxa	0	0	0	0	0	0	0	0	0	4.13696	0.598542	2.00117	0.212256	0.162257	0.966809
Other_Parvularculaceae	0	0	0	0	0	0	0	0	0	9.094916	1.897435	6.20401	1.783823	5.322519	9.984723
Other_Phycisphaeraceae	0.173623	0.05956	0.195769	0.416269	0.707244	0.919871	19.481525	9.75515	21.6343	23.804487	40.227635	51.167317	111.39615	144.28298	114.534293
Other_Phyllobacteriaceae	99.33858	10.390185	30.033385	154.09196	91.287953	40.550293	171.771023	1030.297941	505.796786	493.926178	487.960069	175.07346	1019.515003	603.011942	574.256671
Other_Polyangiaceae	0	0	0	0	0	0.639446	0	0	0	0	0	0.783164	0.141287	0	1.91612
Other_Propionibacteriaceae	17.1257	1.80416	2.28677	20.7756	13.0661	14.9565	4.94365	41.3944	11.7172	12.8288	3.23677	4.97653	0.426553	0.019223	0.130412
Other_Pseudomonadaceae	0	0	0.049205	0	0.063287	0.064757	0	0.335461	0.247419	0	0.318206	0	0	0	0
Other_Pseudonocardiaceae	0	0	0	0	0	0	0	0	0	6.21939	0	1.995718	2.158732	2.57884	3.02981
Other_Pseudorhodoplanes	3.81469	0.673194	1.86062	6.32753	3.4525	1.53739	10.615	58.0398	31.7926	27.6434	29.2943	8.40852	66.8341	36.0114	30.1123
Other_Rhizobiaceae	0	0	0	0	0	0	0.128867	0.620922	0.194194	7.790542	1.321447	12.30172	3.318455	2.17612	16.89848
Other_Rhodobiaceae	8.043501	26.87739	48.26149	125.3062	277.2656	353.1373	631.6567	157.8912	400.508239	157.512003	144.348201	26.279472	4.325523	4.124249	2.056624
Other_Rhodospirillaceae	0	0	0	0	0	0	0	0	0	5.28399	0	0.076875	0.360982	0.061628	0
Other_Roseobacteraceae	2791.39776	401.004149	589.40702	4556.19456	2826.31842	3108.306702	1409.35019	6670.67253	1957.53649	2573.985432	508.625712	930.946327	287.39842	246.771145	189.935803
Other_Rubricoccaceae	0	0	0	0	0	0	0	0.18431	0	0.2327	0	0	0.053758	0.087023	0.032589
Other_Salibacteraceae	0	0	0	0	0	0	0.65722	0	1.71779	0	0	0.897709	0	0	0
Other_Sandaracinaceae	0	0.048928	0.347534	0	0.218635	0.06126	6.152008	2.29065	1.364312	34.208357	90.142368	209.851868	475.369795	584.123718	998.53953
Other_Saprospiraceae	0	0	0	0.096462	0.010256	0	1.379056	0.608601	0.478797	0.511016	0.312816	14.377172	0	0.127296	0.143347
Other_Schleiferiaceae	0.065813	0	0.010482	0.377595	0.206996	0	19.309371	4.624682	13.532879	0	0	8.287448	0	0	0
Other_Sphingomonadaceae	0.146027	0	0.0101	0	0.009582	0.132704	5.673001	8.008547	9.738802	0.316885	0.366769	0	3.317137	1.144774	0.17318
Other_Spongiibacteraceae	0.181529	0.131799	0.17007	0	0.066846	0.440172	0.175187	0	0	0	0	0	0	0	0
Other_Stappiaceae	0	0	0	0	0	0	0	0	0	12.681139	36.0555	37.03867	4.942123	10.478328	4.399239
Other_Steroidobacteraceae	0	0	0	0.495392	0.333503	0.321861	0.241682	0.432053	0	0.088044	0.471768	0.429948	0.110939	0.032785	0.099395
Other_Sterolibacteriaceae	6.482629	1.733707	1.176066	3.698132	1.031102	6.017887	3.811476	16.370367	6.560857	13.931312	6.615546	10.523891	0.393921	0.149189	0.606502
Other_Sutterellaceae	0	0	0.10459	0.046912	0.017435	0	0	0.204132	0	0	0	0.236514	0	0.129354	0.036253
Other_Tenuifilaceae	0	0	0.01003	0	0	0	0.607807	0.231238	0.674249	0	0	0.535611	0	0	0
Other_Vibrionaceae	0	0	0.207076	0	0.191119	0	0	0	0	0	0	0	0	0	0
Other_Wenzhouxiangellaceae	0	0	0	0	0.013483	0	0	0	0	26.6343	1.29722	3.51976	23.0293	4.6163	7.14632
Other_Woeseiaceae	0	0	0	0	0	0	0	0	0.045802	25.52762	4.57177	4.730627	39.6252	22.34361	9.775
Other_Xanthobacteraceae	0	0	0	0	0.432469	0.414345	0	0	0	1.64268	2.72713	0.831058	0	0	0
