ID	coculture_1_0d	coculture_2_0d	coculture_3_0d	coculture_1_9d	coculture_2_9d	coculture_3_9d	coculture_1_70d	coculture_2_70d	coculture_3_70d	coculture_1_450d	coculture_2_450d	coculture_3_450d	coculture_1_720d	coculture_2_720d	coculture_3_720d
Abyssibacter	0	0	0.014848	0	0	0	0.513468	0.595818	0.619456	0.104456	0.109522	0.049281	0	0	0
Abyssibius	0	0	0	0	0	0	0	0	0	15.1457	0.036726	3.70937	2.35833	0.158378	1.49391
Achromobacter	0	0	0.007092	0	0	0	0	0	0	1.99224	0.705937	18.536	0.525231	0.667898	1.19411
Acidithiobacillus	0	0	0	4.983657	0	26.052438	2.157667	12.943959	8.223657	29.458583	3.724011	41.252203	0.683245	0.974005	0.127018
Actibacterium	0	0	0.028304	0	0	0	0	0	0	40.9714	34.231673	40.50413	124.45034	167.383154	132.00513
Actinoallomurus	0	0	0	0	0	0	0	0	0	0	0	0.718583	0.025778	0	0.782181
Actinomarinicola	0	0	0	0	0	0	0	0	0	0	0	0.57466	0.099263	0	0.684902
Actinomyces	0	0	0	0	0	0	0	0	0	0	0	1.63207	0.04785	0	0.512409
Acuticoccus	3.13476	0.280606	1.23996	5.7433	2.8256	0.465172	7.36933	42.1304	21.4046	20.733768	22.720139	5.840674	39.885498	23.067585	20.55953
Aegicerativicinus	10.4248	1.29678	2.29017	7.7026	1.97724	1.05953	0.283691	0.301482	0.219589	1.79603	0.290648	0.349129	2.28907	0.954233	0.401267
Aequorivita	0.758938	0	0	0.545669	0	0	0	1.05891	0	0.228931	0	0.200676	0	0	0
Aestuariivita	304.128589	1137.61391	1794.35498	5131.0337	11235.3281	14405.6079	27083.4406	7343.1892	17195.714	6213.8128	6140.5112	1097.2696	32.281113	8.225352	14.511054
Aestuariivivens	0	0	0	0	0	0	0.147601	0	0	0	0.221351	16.0235	0	0.174444	0.128401
Afifella	0	0	0	0	0	0	0	0	0	1.25932	0	1.65243	0.615861	0.663737	1.0556
Agaribacillus	0	0	0	0	0	0	0.04853	0	0	0.458111	0.233497	21.0718	0	0.249995	0.149384
Ahrensia	3.27642	0.301226	1.812094	8.02395	4.69523	1.218345	12.03319	76.1314	33.016	37.32241	35.886172	8.161791	66.937667	41.469163	35.840689
Albidovulum	0	0	0	0	0	0	0	0	0	0.325541	0.331003	2.89734	1.72816	7.76084	12.4719
Albimonas	0	0	0	0	0	0	0	0	0	1.27985	0	0.106763	0	0.029008	0.228125
Algoriphagus	9414.6533	2692.56837	5121.5485	12178.7163	11950.58217	6211.76802	5323.863874	9394.049378	9821.704683	2544.984367	3083.603613	5197.94448	374.92952	418.916429	352.455033
Aliihoeflea	0	0	0	0	0	0	0	0	0	0.577936	0.042568	1.84499	0.588971	0.410856	0.533775
Aliiroseovarius	2.700465	17.5994	35.2143	72.9035	194.588	162.104	313.828	59.3122	255.945	120.36446	75.112387	23.16447	0.927493	0.905055	0.094945
Alkalicaulis	0	0	0	0	0	0	0	0	0	20.17565	4.581565	6.90109	1.199171	0.950576	3.838169
Alloalcanivorax	0	0	0	0	0	0	0	0	0	5.01996	2.84347	52.0837	1.59741	2.91959	3.06691
Allomuricauda	241.942602	31.020964	47.07052	145.302001	39.566447	22.940828	3.833883	6.512343	4.305743	28.936002	11.919599	23.950425	219.019448	90.434903	464.396291
Allosediminivita	0	0	0	0.073918	0	0	0	0	0	0.418808	0.404341	4.25295	4.00981	14.0168	24.3584
Altererythrobacter	1.251142	2.85008	4.22133	12.356091	28.259	36.188101	73.174017	19.958751	45.033681	13.4648	15.554951	2.90282	0.535755	0.117453	0
Alterinioella	0	0	0	0	0	0	0	0	0	0.391929	0.49719	2.93453	2.09038	8.60806	13.38743
Alteromonas/Salinimonas group	0	0	0	0	0	0	0	0	0	0.455619	0.046764	10.4819	0	0.158792	0.102365
Amycolatopsis	0	0	0	0	0	0	0	0	0	0	0	0.539248	0.108986	0	1.01014
Ancylobacter	0	0	0	0	0	0	0	0	0	3.28183	2.22482	51.6703	1.868381	3.49515	3.84974
Anditalea	0.021207	0.007154	0.012536	0.356854	0.22477	0.02363	0	0	0	1.01118	0.491022	2.1209	0.647522	0.673575	2.70327
Anianabacter	0	0	0	0	0	0	0	0	0	0.260571	0.160152	1.56323	1.2038	5.11005	7.84495
Antarcticimicrobium	2.46296	0.177544	0.986871	4.73467	2.50645	0.356339	5.08716	27.3157	16.2196	15.428538	17.476184	8.49684	34.835378	37.02561	41.31212
Aporhodopirellula	0	0	0.001962	0	0	0	0.026397	0	0	0.25752	0.062166	8.11427	0.008101	0.078075	0.101927
Aquamicrobium	1.396252	0.02164	0.037266	0.022295	0.141295	0.110898	5.96729	29.70455	24.267515	6.113476	7.512408	7.332404	30.652614	108.363925	207.42
Aquibium	0.099023	0	0	0.032803	1.20723	0	0.268248	0	0	349.883366	2.575124	1.222442	1540.510224	81.900692	5.90431
Aquicoccus	0.07136	0	0	0	0	0	0.04118	0	0	9.37175	2.944186	68.9285	2.151222	4.439804	4.732705
Aquisalinus	0	0	0	0.021571	0	0	0.3523	0.576102	0.446112	14.403443	2.955484	6.78993	1.41512	1.048159	3.331104
Arcticibacterium	0	0	0	0	0	0	0	0	0	0.671204	0	11.2004	0	0.112281	0.49638
Arenibacter	0	0	0	0	0	0	0.119397	0	0	0.522874	0.169768	26.3411	0.009397	0.290237	0.374526
Arenibacterium	3.33917	3.26137	5.89901	25.0363	16.6482	12.55	11.6104	2.61561	4.75944	0.695882	0.392595	0.15144	0	0.039888	0.060371
Arthrospiribacter	29.1228	7.88673	14.6593	27.7134	35.2932	12.0088	10.5443	24.1362	26.0977	5.30808	6.86776	13.6452	0.927067	1.17903	0.81667
Aurantiacibacter	0	0	0	0	0	0	0	0	0	0	2.89297	6.69692	0	0.597524	0.110445
Aurantimonas	0	0	0	0	0	0	0	0	0	1.86558	0	0	9.36612	0.281561	0
Aureibacter	0	0.025126	0.019509	0.493271	0.361088	0.055335	0	0	0	1.89549	0.448184	1.93194	0.518947	0.529052	2.69684
Aureimonas	7.96733	0.750132	2.855082	15.77488	7.9592	1.991417	19.83242	120.8113	62.2641	45.6002	61.7496	11.45624	118.1541	71.628	60.4128
Azospirillum	0	0	0	0	0	0	0	0	0	5.15746	0	0.269912	0.973846	0	0
Bacillus	0	0.043476	0.036805	0.325115	0.308519	0.215889	0	0	0	1.15203	0.728631	2.22199	0.836677	0.463205	2.36492
Bauldia	0	0	0	0	0	0	0	0	0	0	0.726275	1.68985	1.59438	7.16685	11.7218
Billgrantia	4.3558	0.374623	1.47899	6.82092	4.28735	1.27672	9.07242	60.9126	25.6516	23.9908	29.9932	6.2549	56.3711	34.8024	28.6196
Bosea	0	0	0	0	0	0	0	0	0	0.864958	0	0	5.6705	0.11966	0
Boseongicola	33.90166	8.92586	11.64345	69.2244	74.6357	85.526	112.18084	123.6737	88.5731	79.8505	31.14906	21.16169	2.690756	0.683407	1.402132
Bradyrhizobium	0	0	0	0	0	0	0	0	0	2.14635	0.149679	0.1805	0.157427	0.26726	0.109522
Bremerella	0	0.02266	0.401796	0	0.539297	0.121583	3.598578	3.849846	0.487485	1895.45437	2055.86724	1032.940725	1423.52302	2381.16042	2858.42167
Breoghania	0	0	0	0	0	0	0	0	0	0.285481	0.292369	1.14557	1.33773	4.90487	7.61332
Brevirhabdus	0	0	0	0	0	0	0	0	0	0.074598	0	0	0.445913	0.074209	0
Brevundimonas	0	0	0	0	0	0	0	0	0	0	0.097329	0.889531	0	0.150937	0
Brucella/Ochrobactrum group	0	0	0	0	0	0	0	0	0	0.321733	0.477309	5.21466	3.36191	12.827	19.1069
Brumimicrobium	0.09143	0.015434	0.009002	0.291479	0.251163	0.101959	0	0	0	1.27811	0.26457	1.69234	0.841493	0.487174	2.62542
Caldicellulosiruptor	0.094476	0	0.064544	0.363238	0.325717	0.080005	0	0	0	1.37548	0.647657	1.59753	0.902574	0.455861	3.04331
Caldithrix	0.11052	0.012517	0.014436	0.471131	0.401557	0.144815	0	0	0	1.82594	0.399187	2.44241	0.965206	0.743182	2.96113
Candidatus Cloacimonas	32.9447	7.1828	13.2756	23.8949	36.0612	11.3612	12.6376	20.4587	24.4279	10.0789	8.70602	18.9411	1.29012	1.02235	0.9171
Candidatus Methylomirabilis	0	0	0	0	0	0	0	0	0	10.6548	0.102689	3.32181	1.74509	0.057903	1.27378
Candidatus Microthrix	0	0	0	0	0	0	0.046926	0.23207	0	0.215479	0.074501	0.268769	0.181589	0.03572	0.121275
Capsulimonas	0.075115	0.016828	0.017321	0.32499	0.276783	0.048609	0	0.028079	0	1.08518	0.462385	1.77147	0.72804	0.42446	2.43801
Carboxylicivirga	0	0	0	0	0	0	0.033513	0	0	0.102246	0.053635	8.92842	0.011722	0.012697	0.158596
Carideicomes	0	0	0	0	0	0	0	0	0	2.30185	0.832974	1.56749	0.288499	0.190767	0.569369
Caulobacter	0	0	0	0.410435	0.616649	0.541444	0.123575	0	0	0	0.375354	0.514199	0	0	0
Cereibacter	0.200116	0	0	0	0	0	0.408824	0.899175	0.901099	0.492464	0.070907	0.257729	0.399241	0.12185	0.138549
Chelativorans	0	0	0	0	0.045483	0	0.100199	1.547528	1.458633	5.18674	1.391216	25.51987	10.912361	6.708071	13.099937
Chelatococcus	0	0	0	0	0	0	0	0	0	1.54308	0.907003	20.8802	0.554801	1.10074	1.13335
Christiangramia	0	0	0	0	0	0.011374	0	0	0	0	14.3065	4.88091	0.019078	0.503499	1.14005
Chryseosolibacter	0	0	0	0	0	0	0	0	0	0.165633	0.057793	12.6426	0	0.109721	0.046692
Citreicella	4.12436	3.26644	5.74805	26.8414	16.5638	14.9108	10.7384	3.97825	2.99849	1.469569	1.36983	7.012875	5.680381	22.260398	33.214472
Citreimonas	0	0	0	0	0	0	0	0	0	0.193224	0.100618	3.08289	1.30156	6.72358	8.63424
Cognatiyoonia	0	0	0	0	0	0	0	0	0	13.7716	0	3.71823	2.06916	0.089679	1.49083
Cohnella	0	0	0	0	0	0	0.023307	0	0	13.653	0.075062	3.64073	1.81807	0.08799	1.29228
Coraliihabitans	0	0	0	0	0.010044	0	0	0	0	11.2945	0.073711	2.59251	1.76306	0.088312	1.03955
Croceicoccus	0	0	0	0	0	0	0	0	0	0.083843	10.808473	22.47869	1.462367	5.986538	9.583479
Cucumibacter	0	0	0	0	0	0	0.053846	0	0	1.872256	0.046994	1.029911	0.407695	0.769789	0.700197
Cupriavidus	0	0	0	0	0	0	0.427867	3.3293	1.52431	0.793607	0.199191	0.602734	0.765319	0.264057	0.258906
Cypionkella	0	0	0	0.020656	0	0	0	0	0	0.355024	0.378802	2.30849	2.037542	7.32488	12.0402
Defluviicoccus	0	0	0	0	0	0	0	0	0	0.240959	0.303854	3.115871	1.118724	5.2174	9.65637
Defluviimonas	0	0	0	0	0	0	0	0	0	5.28672	1.069649	27.9612	10.217826	2.090964	1.843134
Desertimonas	0	0	0	0	0	0	0	0	0	0	0	1.283207	0.1292	0.016062	1.7466
Desulfobulbus	0	0	0	0	0.022578	0	0	0	0	1.12699	0.540162	0	0.6482	0.520705	0.067898
Devosia	6.710348	0.892688	2.711394	11.73976	6.52397	1.332471	14.79835	103.351814	49.4899	52.090047	49.798659	32.207637	109.262111	88.24915	93.716266
Dinoroseobacter	650.15986	663.33171	1274.28435	6188.7483	3748.0006	3673.3839	3526.0533	836.52595	996.05709	62.914847	92.280965	34.20641	0.285161	6.130936	9.764115
Draconibacterium	0	0	0	0	0	0	0	0	0	0	0.176806	8.48992	0.012925	0.055983	0.01588
Dyadobacter	0	0	0	0	0	0	0	0	0	0.134102	0.201758	16.3645	0.031044	0.167343	0.262447
Eilatimonas	0	0	0	0	0	0	0	0	0	5.99388	1.06132	2.37617	0.469931	0.245463	1.27019
Ekhidna	0	0	0	0	0	0	0	0	0	0.69841	0.141446	28.79297	0.04528	0.381957	0.42864
Elioraea	2.71573	0.34808	0.91681	5.07627	2.85852	0.376219	6.4728	38.8877	20.3934	13.1903	19.6412	4.09373	37.127	22.0183	19.8331
Elizabethkingia	0	0.033571	0.018444	0.597444	0.368554	0	0	0	0	1.37928	0.483222	1.75564	0.702766	0.482037	2.58263
Emticicia	0	0	0.032302	0	0	0	0.309173	0.565858	0.138031	0	0	0.327786	0	0	0
Enterovirga	0	0	0	0	0	0	0	0	0	1.46928	0	0	5.33649	0.182691	0.02067
Erythrobacter/Porphyrobacter group	2.091085	0.078052	0.4379	1.348263	0.303931	0.888914	71.708763	98.34285	168.062558	12.625388	132.374378	265.357708	69.185371	45.012429	30.777472
Escherichia	0	0	0.285778	0	0.385027	0	0	0	0	0	0	0	0	0	0
Euryhalocaulis	0	0	0	0	0	0	0.073166	0	0	6.20581	2.379545	3.16859	0.640705	0.568808	1.30194
Falsihalocynthiibacter	0	0	0	0	0	0	0	0	0	15.035	0.058573	3.50316	2.21743	0.086498	1.52264
Falsochrobactrum	0	0.017996	0.112698	4.588	0.547422	0.089312	0.956074	1.65424	8.0976	0	0	0	0	0	0
Ferrimonas	0	0	0	0	0	0	0	0	0	6.59203	1.94436	1.84027	0.473586	0.588343	1.70733
Ferrovibrio	0	0	0	0	0	0	0	0	0	4.93063	2.110645	44.479	1.35871	2.802	2.89866
Flagellatimonas	0	0	0.031261	0	0	0.041702	2.485098	1.028091	1.715852	0.376248	0.412233	0.743388	0	0	0
Flagellimonas	2970.860215	428.17087	605.578092	1869.621062	487.296136	317.750087	53.615721	98.963541	59.498264	366.850625	87.818682	59.180258	1086.538024	465.010777	1441.844248
Flammeovirga	0	0	0	0	0	0	0	0	0	0.26464	0.090683	10.3238	0	0.109781	0.17347
Flavimaribacter	2.01503	0.520834	1.442635	5.199824	3.83244	0.987791	9.49041	59.7882	27.87452	21.81876	27.10793	9.13779	54.23591	35.33722	27.61371
Flavimaricola	0	0	0	0	0	0	0	0	0	24.1132	0.117188	6.38126	3.51035	0.156629	2.20577
Flaviramulus	13.7572	2.29069	2.6573	8.17943	2.02712	1.01677	0.247345	0.244374	0.6237	0.757672	0.352885	0.141514	2.66553	0.866847	0.916449
Flavisolibacter	0	0	0	0.026889	0	0	0	0	0	0.218729	0	8.31718	0	0.018131	0.143606
Flavitalea	0	0	0	0	0.029323	0	0.586356	0.223238	0.40674	0	0	0.258535	0	0	0
Flavobacterium	0.037808	0	0.01481	0.366369	0.449319	0.084131	0	0	0	1.04174	18.696432	8.99069	0.728216	1.080012	4.38088
Fontisubflavum	0.863533	3.36462	5.47942	15.6477	32.7646	43.1853	78.2353	26.4436	47.6134	31.3637	18.8931	5.87872	2.411637	0.035983	0.979204
Frigidibacter	0	0	0	0	0	0	0	0	0	3.223923	0.488828	9.07256	7.46998	16.81849	20.78733
Fulvimarina	4.04929	0.665863	1.50605	6.55815	3.39815	0.774035	9.46514	48.3274	25.0681	22.468	24.6147	5.95284	49.9311	30.2842	25.4314
Fulvivirga	0	0	0.072118	0.286995	0.207134	0	0.097539	0	0	3.852606	47.419253	86.93838	0.431738	3.225662	8.426752
Gaiella	0	0	0	0	0	0	0	0	0	0	0	0.875745	0.024354	0	0.887943
Galbibacter	0	0	0	0	0	0	0.047099	0	0	0	0.074767	9.23859	0	0.143416	0.020287
Gemmobacter	0	0	0	0	0	0	0	0	0	0.467264	0.316018	2.36573	1.796825	5.365392	7.72166
Gilvimarinus	0	0	0	0	0	0	0	0	0	0.123621	0	0	0.141561	0.132962	0.0698
Gluconacetobacter	0	0	0	0	0	0	0	0	0	3.7072	1.539536	45.8872	1.810478	1.76316	3.24293
Glycocaulis	0	0.133006	0.031073	2.314983	1.813048	0.964252	5.529633	0	22.686997	1205.999315	3425.864252	798.52089	100.753965	73.540531	94.68732
Gracilimonas	0	0	0.064951	1.36876	0.6712	0	0	0	0	2.6213	1.48367	4.08771	2.09417	1.648	7.54326
Haliea	0	0	0	0	0.019483	0	0	0	0	13.920539	1.479576	0.267292	5.612501	7.298422	7.254763
Halioglobus	0	0	0	0	0	0	0	0	0	3.82311	0.615161	1.49148	0.336749	0.238277	0.737174
Halomonas	0	0	0.042181	0.047884	1.246722	1.594868	1.07747	0	0.168562	5018.413936	215.999977	733.916424	4254.24781	823.10267	1410.46476
Halotalea	0	0	0	0	0	0	0	0	0	3.08207	0.561133	23.7953	0.64045	1.41926	1.76364
Halovulum	0	0	0	0	0	0	0	0	0	0.703107	0.671108	2.46036	1.75669	8.88613	12.4054
Henriciella	1.926731	0.066383	0.409691	0.045646	0.036648	0	121.282647	248.58461	113.398818	559.075265	314.481958	152.368474	150.715307	120.925695	82.98334
Herbiconiux	0	0	0	0	0	0	0	0	0	1.933678	0.233433	0.724695	0.131778	0.426385	0.112139
Histidinibacterium	0	0	0	0	0.012393	0	0	0	0	0.089026	0.548868	1.73587	1.2301	8.73084	13.0289
Hoeflea	10.96834	4.372658	9.579757	43.26394	27.97972	16.529089	31.54245	130.12091	68.94681	84.803494	59.620513	19.96393	148.820818	70.745839	67.44341
Hydrogenophaga	0	0	0	0	0	0	0	0	0	2.29844	0.745006	22.9126	0.59429	1.12519	1.15212
Hymenobacter	0	0	0.027227	0.377167	0.673641	0.256887	0	0	0	3.4237	0.618437	4.904386	1.826916	1.34149	7.19321
Hyphobacterium	3.345707	3.448439	5.043411	11.215514	1.380866	0.448171	0	0	0	124.220517	3.136798	5.138049	16.63912	10.510153	94.26995
Hyphomicrobium	2.50413	7.02529	7.79087	18.6753	48.1805	53.7998	100.643	23.7949	81.1356	37.1013	28.29895	12.09092	0.28343	0.313383	0.352629
Hyphomonas	1.89636	0.413019	0.907863	4.32403	2.52986	0.323833	6.58218	38.2246	21.160092	26.86804	23.058307	10.289816	42.764514	36.067444	37.177574
Iamia	0	0	0	0	0	0	0	0	0	0	0	2.035704	0.265809	0.013834	2.399794
Idiomarina	0	0	0	0	0	0	0	0	0	1.00797	0.043274	0.937944	0.502644	0.64795	0.401326
Ilumatobacter	0	0	0	0	0	0	0	0.202884	0	0.500264	0.195581	13.940662	1.402036	0.301486	14.889935
Imperialibacter	0	0	0	0	0	0	0	0	0	0.126705	0.033009	13.8007	0.014546	0.094471	0.124907
Indioceanicola	0	0	0	0	0	0	0	0	0	7.04527	0.837688	2.26888	16.564807	0.74367	0.821562
Jannaschia	0	0	0	0	0	0	0	0	0	24.4948	1.02815	4.10323	4.188871	4.223364	5.86843
Jejuia	10.9486	1.74039	2.00858	7.79791	1.56915	1.05995	0	0.48785	0	1.00134	0	0	1.5823	1.18087	0.461322
Jiangella	0	0	0	0	0	0	0	0	0	0	0	1.24072	0.101716	0.018339	1.0789
Kandeliimicrobium	0	0	0.009925	0	0	0	0	0	0	0	0.257082	2.45084	1.12224	4.41697	7.56914
Kaustia	2.56418	0.337427	1.381434	5.43421	3.07417	0.995533	8.789878	52.77759	24.273956	22.3949	24.5226	8.36677	51.455712	30.380664	25.8542
Kiloniella	0	0	0	0	0	0	0.04608	0	0	17.488	0	4.75234	2.33345	0.105198	2.28237
Labrenzia	3.69513	0.407963	2.00982	6.15282	3.70899	0.676318	6.66732	43.6124	23.0262	18.956157	24.701445	5.884863	49.551375	29.419794	25.961194
Lacticaseibacillus	2.777399	0.160467	0	0.300039	0	1.679034	1.023667	1.191531	1.249121	2.63268	0.549536	3.441253	0.285446	0.056019	0.02467
Lamprocystis	0	0	0	0	0	0	0	0	0	11.8155	0	3.26374	1.72549	0.110884	0.940786
Leisingera	0	0	0	0	0	0	0	0	0	0	1.64366	2.58128	0.012628	0.335547	0.320063
Lentilitoribacter	0	0	0	0	0	0	0	0	0	0.040431	0.832086	0	0.287027	3.87346	0
Lewinella	0	0	0.017271	0.70185	0.322688	0.14946	0	0	0	1.95675	0.797484	2.6437	0.603577	0.638208	2.68742
Limnobacter	0.864658	1.309909	1.522865	0	0.252408	0.151376	0	0	0.25272	0.300189	0.652539	5.301104	0.238992	1.245835	1.944968
Litoreibacter	5.00366	3.936404	6.321807	32.17955	19.49436	12.919077	19.02937	42.55312	22.80119	48.096351	19.323076	13.188656	38.94452	19.653075	21.347902
Loktanella	0	0	0.006081	0	0	0	0	0	0	14.556833	0.234593	5.83522	3.84699	6.548489	10.478
Longimonas	0	0	0	0	0	0	0	0	0	0	15.4257	5.47411	0	1.12072	2.00096
Lutimaribacter	0	0	0	0	0	0	0	0	0	18.9858	0	3.53546	2.74213	0.121025	1.58237
Mameliella	4.32443	18.9476	21.1987	69.1943	137.071	225.389	398.123	86.044	228.853	110.564336	65.679111	22.462953	1.225063	0.192868	0.668868
Mangrovibacterium	0	0	0	0	0	0	0.455495	0.370737	0.271257	0	0	0.107377	0	0	0
Mangrovicoccus	14.9753	11.904979	21.148005	107.74021	61.71997	54.062007	51.34032	12.09533	28.7806	0	2.715456	0.710732	0	0.099021	0.147946
Mangrovivirga	0	0	0	0	0	0	0	0	0	0.099571	0.203462	12.0559	0.022958	0.099199	0.111755
Maribacter	32.570774	4.576896	6.420627	19.903539	6.17439	3.60548	0.454364	0.223327	0.711608	5.055833	0.951336	13.915563	6.566483	3.430094	4.764114
Maricaulis	0	0.04756	0.033779	0.218039	0.023328	0	0	0	0	27.03456	5.925843	11.113746	2.720541	1.53611	6.677469
Mariluticola	0	0	0	0	0	0	0	0	0	1.1967	0.05309	2.37829	0.750078	1.294256	1.310595
Marinibacterium	0	0	0	0	0	0	0	0	0	3.020546	0.13024	2.151541	0.392537	0.300327	0.251201
Marinicauda	0	0	0	0.013768	0.007706	0.046807	0	0	0	87.45443	18.288013	35.2132	5.762795	5.013416	18.809648
Marinilabilia	0	0	0	0	0	0	0.031607	0	0	0.144576	0.050642	8.70074	0.022092	0.119665	0.122358
Marinimicrococcus	2.99729	0.416787	1.03947	4.13322	2.47679	0.544663	8.56494	35.1236	19.7805	15.2938	18.1464	4.15139	36.7666	20.7264	19.3691
Marinobacter	11737.28815	18243.99108	15318.96373	992.839703	943.532647	1315.295998	10.313345	16.600853	16.614939	0.431938	0.205161	0.657673	0.294206	0.13671	0.225695
Marinoscillum	0	0.084756	0.106034	0	0.071565	0.0243	5.175335	0	0.231367	52.754508	17.58382	2077.7397	2.639425	21.220927	26.35683
Marinovum	0	0	0	0.026595	0	0	0	0	0	1.441139	0.346442	6.086608	3.755199	16.073048	26.073318
Maritalea	0	0	0	0	0	0	0	0	0	13.434262	0.149707	3.88106	3.45306	5.999061	9.35713
Maritimibacter	0.042622	0	0.030995	0	0	0	0.152543	0	0	128.890553	10.74057	51.582725	11.494852	17.342148	9.206461
Marivirga	0	0.084118	2.045963	1.928335	0.328168	0.389336	0.076829	5.07435	0	0	4805.762	1918.70039	4.228133	238.541229	393.195654
Marivita	652.7948	67.94224	81.441547	805.513	494.854768	579.5176	187.82781	1629.0262	460.14723	640.819366	121.166529	215.18483	31.082355	44.317756	70.811973
Marivivens group	1.7909	0.264805	0.960384	3.68599	2.32736	0.569044	4.43184	31.9095	15.2717	12.9901	15.718	4.15057	31.8122	17.7464	16.1786
Marixanthomonas	0	0	0.03596	0.290801	0.611085	0.054155	0	0	0	2.14563	0.874284	3.54157	1.02445	0.836714	4.27414
Martelella	3.2135	0.443273	1.54537	6.03715	3.49322	0.733259	9.662391	51.3561	21.3082	21.551518	25.332582	34.29634	59.205256	37.206079	41.070189
Melioribacter	0	0	0	0	0	0	0	0	0	0	0	9.27639	0.015465	0.117153	0.075818
Mesobacterium	0	0	0	0	0	0	0	0	0.058387	0.770415	0.618792	4.03013	2.69002	10.74463	16.93764
Mesobaculum	0	0	0	0	0	0	0	0	0	1.63549	0.094829	0.85419	0.125134	0.105365	0.102397
Mesorhizobium	31.060456	2.729057	8.614175	42.101188	22.734288	7.005676	89.36207	501.210664	330.4662	187.267988	204.075831	105.245574	518.556429	913.370881	1592.378797
Methylobacterium	8.3267	3.157892	7.39171	35.7063	23.60453	16.496059	26.55471	88.81285	48.26062	37.324233	45.0398	9.731692	91.7897	55.6573	45.491452
Methylocapsa	0	0	0	0	0	0	1.49967	0.90848	0.333091	0.580701	0	1.05271	0.639363	0.543838	0.527045
Methyloceanibacter	0	0	0	0	0.019483	0	0	0	0	0.408339	2.819521	0.67151	1.479884	5.576667	9.947864
Methylococcus	2.72804	0.101789	0.956675	3.71826	2.27432	0.539033	5.89406	36.1223	18.9649	11.5254	17.0113	4.01401	34.5181	20.26	17.3865
Methylocystis	0	0	0	0	0	0	0	0	0	20.073	0.096432	6.16822	2.36409	0.099587	2.20891
Methyloligella	3.84514	0.151954	1.26122	6.82095	3.1306	0.604479	7.74816	49.5599	24.0449	20.0602	24.3042	5.01285	54.3966	31.2965	29.116
Methyloversatilis	6.212445	0.983548	1.065058	3.295514	1.107988	3.759118	3.241231	15.360605	4.667437	15.510158	7.870882	10.422075	0.290023	0.142819	0.210179
Microbacterium	9.22282	9.54982	14.2812	71.1897	45.7544	41.1254	33.3492	7.12505	14.081	1.12699	1.82824	0.675193	0	0.120163	0.181062
Microbispora	0	0	0	0	0	0	0	0	0	0	0	1.30169	0.063879	0	0.802097
Mongoliimonas	0	0	0	0	0	0	0	0	0	3.55467	0.778929	26.3962	0.821393	1.12269	1.79178
Mongoliitalea	45.89	12.3201	21.4722	51.8165	59.0501	27.7092	22.3193	41.5226	44.893	11.9395	10.1296	20.4016	2.10942	1.75106	1.70478
Mucilaginibacter	0	0	0.139084	0	0.129032	0	0	0	0	1.85721	0	0	0.237951	0.490614	0.53755
Myroides	30.6828	7.33821	13.8702	22.9011	36.6237	12.6213	11.3552	21.8882	25.967	6.11002	9.41326	13.8442	1.20027	1.09596	1.00951
Nitratireductor	7.843995	0.918445	2.156945	8.55624	5.902687	0.987278	17.186209	102.628141	58.838536	295.921557	349.956419	401.242077	502.927007	1472.528419	727.246561
Nitrosomonas	3.15203	0.429871	1.01896	3.85414	2.01453	0.26833	5.5662	32.1998	13.7523	13.8715	18.8824	2.94748	35.118	20.7159	19.1106
Nitrospinaceae	0	0	0	0	0	0	0	0	0	20.2804	22.3407	27.7779	92.4037	129.039	93.2763
Niveibacterium	0.011938	0	0	0	0	0	0.031967	0	0	1.38994	0.622497	16.659	0.439219	0.961352	1.07968
Nocardioides	0	0.020102	0	0	0	0	0.106792	0	0	0.327452	0.12667	12.118354	0.111668	0.109912	0.970138
Notoacmeibacter	2.63198	0.332258	1.59053	6.17236	3.51368	0.980167	11.1766	64.9739	24.5311	22.29614	25.9048	6.003353	57.488026	33.396462	30.394807
Noviherbaspirillum	0	0	0	0	0	0	0	0	0	1.47834	0	1.4581	0.6362	0.589092	1.05096
Novosphingobium	0	0	0	0	0	0	0.226403	0.737239	0.809076	1.27702	0.910366	20.6621	1.120222	1.081368	1.32621
Oceanibaculum	0	0	0.011763	0	0	0.063344	0	0	0	1080.93215	16.375726	22.099298	133.086583	4.02224	1.54657
Oceanicaulis	0	0	0.069428	0.106466	0.061576	0	0.098557	0	0.088762	226.44328	77.689152	107.03655	18.568334	11.954021	43.530321
Oceanicella	0	0	0	0	0	0	0	0	0	0.073186	0.341344	1.50532	1.34585	5.3325	8.4634
Oceanicola	2.29791	0.288209	1.38885	4.55444	2.96644	0.516999	7.14454	41.3373	22.878	21.615809	22.231236	10.501411	43.104232	31.166976	32.794611
Oceaniovalibus	0	0	0	0	0	0	0	0	0	0.246999	0.196559	1.73517	1.22185	4.57989	7.30365
Oceaniradius	130.87862	17.190311	59.873966	278.35548	151.97125	41.574635	409.86287	2374.6905	1171.892	977.7669	1118.2517	251.6611	2364.20216	1405.381658	1199.44268
Oceanomicrobium	0	0	0	0	0	0	0	0	0	12.3844	0.127703	2.61374	2.24189	0.102714	1.32283
Ohtaekwangia	0	0	0	0	0	0	0	0	0	0	14.5369	5.83317	0.016086	0.939899	1.02461
Oleisolibacter	0	0	0	0	0	0	0	0	0	2.25764	0.451526	14.0182	0.496599	0.795902	0.790011
Oricola	29.26117	4.157299	13.188342	58.8809	33.17498	6.99837	82.65784	488.0268	239.1667	238.11577	241.444296	56.865898	493.910161	282.203694	255.133879
Other_Acetobacteraceae	0	0	0	0	0	0	0	0	0	2.29918	0.120815	1.99632	0.179934	0.128434	0.070708
Other_Acidimicrobiaceae	0	0	0	0	0	0	0	0	0	0	0	15.835085	2.825995	0.063059	23.2769
Other_Acidimicrobiales	0	0	0	0.37484	0.250424	0.218748	0	0	0	1.09587	0	49.888356	7.524343	1.398629	63.650667
Other_Acidithiobacillaceae	0	0.018842	0	4.366882	0	37.321726	2.964383	12.984382	13.402728	38.872643	7.236835	56.103828	0.967146	1.080086	0.08836
Other_Acidithiobacillales	0	0	0	0.335624	0	0.195744	0	0	0	0.491956	0	0.406305	0	0	0
Other_Acidobacteriota	0	0	0	0	0	0	0	0	0	2.755925	0.75472	25.235569	0.624777	0.979152	3.100227
Other_Actinomycetota	0.254665	0.049883	0.029758	0.367606	0	0.38544	17.736353	23.864679	38.33908	1.680968	0.973583	57.506624	22.40817	3.887354	67.555764
Other_Alcaligenaceae	0	0	0.112153	0	0.08558	0	0	0	0	1.29338	0.083434	0.778828	0.418318	0.843704	0.464301
Other_Alphaproteobacteria	23.612856	3.128023	6.64518	71.172431	26.351553	24.572289	42.876403	214.32214	190.60709	840.276283	228.639911	374.781523	215.878271	143.164533	228.885243
Other_Alteromonadaceae	434.454	439.153	327.0924	17.83001	20.51577	21.87517	0.22097	0.272209	0.794071	0	0	0	0	0	0
Other_Azospirillaceae	2.62251	0.076778	1.54425	6.86576	3.07759	0.700898	7.44207	44.5572	18.4311	18.1972	22.4103	3.70864	42.2795	25.5866	22.9918
Other_Bacteroidales	10.7876	1.59935	2.028241	7.691587	2.365785	1.202408	0.915168	1.230142	0.763403	3.865841	0.455482	19.606403	3.49739	2.015515	4.665638
Other_Bacteroidia	0	0	0	0	0	0	0.103338	0	0	0.178875	0.178721	27.67777	0	0.296864	0.205536
Other_Bacteroidota	0.910721	0.361062	0.505455	6.159334	5.899853	3.078059	3.928416	1.503167	2.907251	21.603128	707.018664	330.277895	15.939104	44.596474	105.35474
Other_Beijerinckiaceae	0	0	0	0	0	0	0	0	0	0.748382	0.353574	0	0.046889	0.033827	0.038306
Other_Burkholderiaceae	0.236967	0	0.088916	0.638236	0.043236	0.444051	1.17266	0	0	1.49261	0.170002	0.627573	0	0	0
Other_Burkholderiales	0.120045	0.013615	0.070479	0.061448	0.039579	0.067522	0.072338	0	0.130825	0.386477	0.08669	0.156081	0.012665	0	0
Other_Caldilineaceae	14.1712	1.34027	2.13513	19.1355	12.4251	13.4109	4.32676	33.0666	10.9319	26.6365	2.20696	8.95519	2.751702	0.101756	1.87157
Other_Calditrichaceae	0	0.014748	0.025826	0.323164	0.301398	0.121776	0	0	0	0.893428	0.632371	2.44081	0.742468	0.583561	2.84521
Other_Calditrichota	0	0.026831	0.014967	0.639714	0.450318	0.17779	0	0	0	2.52414	0.501809	2.32275	1.46936	1.47691	4.42953
Other_Candidatus Cloacimonadota	0	0	0.015046	0.321617	0.362119	0.089396	0	0	0	1.10372	0.840841	2.1323	0.968248	0.577656	2.72221
Other_Candidatus Kapaibacterium	5.151428	1.062304	2.252138	39.658505	30.959474	8.537432	0.100293	0.106359	1.431957	125.943714	52.130225	190.656974	70.63372	57.354073	276.2944
Other_Candidatus Krumholzibacteriota	0.140698	0.126256	0.157408	0.461818	0.486136	0.503725	16.8705	8.0304	17.079	0.212175	4.57237	0.426256	0.770865	0.247226	10.0845
Other_Candidatus Omnitrophota	0	0	0.06166	0.177256	0.532365	0	0	0	0	2.59515	1.158	5.56098	1.63285	1.06191	3.61619
Other_Candidatus Riflebacteria	0.062157	0.020964	0.016332	0.348601	0.364711	0.080779	0	0	0	1.21329	0.374794	1.45308	0.638805	0.440879	2.33721
Other_Candidatus Rokuibacteriota	0	0	0	0	0	0	0	0	0	0.965995	0	0	5.70416	0.400543	0
Other_Candidatus Saccharimonadales	0	0	0	0	0	0	0	0	0	0	0	0.679209	0.110533	0	0.59362
Other_Candidatus Thioglobus	21.0476	5.28636	9.5366	11.8111	25.7334	6.78207	3.68396	8.42336	15.0115	2.9345	4.52136	8.22732	0.465897	0.810418	0.560174
Other_Caulobacteraceae	0	0	0	0	0.007089	0	0	0	0	14.5206	0.03841	4.0197	2.18155	0.089415	1.31908
Other_Caulobacterales	0	0	0	0	0	0	0	0	0	2.16681	1.877682	0	0.281495	0.14103	0.03954
Other_Chitinophagaceae	0	0	0.008261	0	0	0	0	0	0	0	19.1547	5.98796	0.04019	0.768752	1.36548
Other_Chlorobiota	0.212609	0.044304	0.128477	1.806605	2.063994	0.505589	0	0	0.193639	6.514945	3.246392	9.25556	3.899952	2.484141	14.28077
Other_Chloroflexota	0	0	0	0	0	0	0	0	0	13.2085	0	4.316741	1.777501	0.09458	3.524622
Other_Comamonadaceae	0	0	0	0	0	0	0	0	0	13.54439	1.6855	34.28153	2.92781	2.06732	3.671364
Other_Cyclobacteriaceae	3554.8152	1045.0485	2003.503343	4624.0642	4575.0291	2433.0566	2038.560401	3556.3982	3756.086631	959.588303	1184.16482	2024.29291	143.22179	169.804817	133.486037
Other_Cytophagales	13.4222	1.94982	2.313301	7.80191	2.34305	1.16155	0.267384	0.248787	0.362078	2.739125	12.753566	53.17159	2.552374	2.249525	2.113996
Other_Desulfobulbaceae	0.061681	0.127574	0.049372	0.868477	1.02744	0.213954	0	0	0	4.39334	1.502367	6.19884	1.757172	1.907673	7.68645
Other_Desulfuromonadales	1.98937	0.239325	0.931873	4.11238	2.7016	0.974602	5.23243	31.5326	15.7686	13.8541	15.2764	3.56805	33.3331	19.7793	16.4955
Other_Devosiaceae	4.30183	0.49402	1.712666	8.53564	4.67479	1.127044	10.63775	63.3601	30.6902	103.820749	31.068752	32.71638	83.29596	50.428315	56.41973
Other_Erythrobacteraceae	0.050734	0	0.012061	0.031943	0.02427	0	0.367632	1.418007	2.64368	0.257133	215.088305	420.379445	1.358581	40.725427	26.679242
Other_Euzebyales	0	0	0	0	0	0	0.573767	6.976209	0	5.527256	4.103669	4.364379	3.742132	1.924401	2.820004
Other_Firmicutes	0	0	0	0	0	0	0	0	0	9.94756	0	2.06711	1.92959	0.08182	1.47903
Other_Flammeovirgaceae	0.039466	0.101718	0.12477	0	0.03684	0	5.118584	0	0.875646	34.038501	9.629186	1248.96083	1.785114	10.177836	14.175735
Other_Flavobacteriaceae	133.443314	31.79498	58.453554	131.838823	125.008319	53.997111	49.342046	93.734203	87.438523	29.604792	32.350773	93.260671	33.176202	17.78471	61.261453
Other_Flavobacteriales	264.613097	40.981646	67.36581	183.274216	50.600324	26.56306	6.653587	11.150112	5.968971	37.070512	16.334913	21.950501	247.777259	102.008263	505.555964
Other_Flavobacteriia	16.0299	2.08651	2.68457	8.20339	2.33228	1.10853	0.305081	0.125515	0.183085	2.02552	0.483221	0.218055	2.5443	1.12395	0.635362
Other_Gammaproteobacteria	0.064923	0.022344	0	0	0	0	1.268436	0	0.241795	69.362884	24.554917	39.281123	111.802331	125.499186	101.727767
Other_Geminicoccaceae	0	0	0.278762	0	0.062961	0	0.083888	2.07957	0.598025	67.669198	30.307199	696.6494	23.145019	43.852046	55.27924
Other_Gemmatimonadaceae	0	0	0	0	0	0	0	0	0	7.17574	1.35935	2.3946	0.337041	0.238627	1.22629
Other_Gemmatimonadota	0.176491	0.034909	0.034578	0.482271	0.805805	0.106519	0	0.065304	0.072968	14.58979	14.462419	20.30769	54.63713	74.560297	60.80226
Other_Halobacteriovoraceae	2.59392	6.94936	8.76601	27.2736	55.192	69.9491	134.92	38.2162	100.741	42.6648	33.6562	8.40241	0.1852	0.040054	0.181062
Other_Hymenobacteraceae	0	0	0.009592	0	0	0	0	0	0	0	17.6324	6.01313	0	1.01841	1.32621
Other_Hyphomicrobiaceae	0	0	0	0	0	0	0	0	0	0	0	0	0	0.754837	1.66145
Other_Hyphomicrobiales	12.286113	1.423896	4.385038	20.37381	13.070618	3.059697	33.210899	196.386463	93.431306	4574.386685	110.117043	1140.541655	838.971892	136.178328	522.675941
Other_Hyphomonadaceae	0	0.018623	0.011298	0.033101	0	0	5.892233	10.244521	5.062273	99.128895	23.579732	46.345053	12.912556	8.438296	20.676569
Other_Ignavibacteriaceae	0.025716	0.008693	0.025293	0.406876	0.312884	0.057439	0	0	0	1.2299	0.576545	2.00454	0.76402	0.479538	2.91852
Other_Ignavibacteriales	0.151747	0	0.073299	0.430384	0.235321	0.086947	0	0	0	1.39502	0.38213	1.97701	0.767696	0.855653	2.70769
Other_Ignavibacteriota	4.232075	1.438698	2.217798	37.553619	29.905144	9.640387	0.072357	0.43618	1.055695	124.897206	53.546151	201.31207	67.825212	54.517825	269.88932
Other_Ilumatobacteraceae	0	0	0	0	0	0	0	0	0	0	0	10.229864	1.218026	0.0885	12.561527
Other_Kiloniellaceae	0	0	0	0	0	0	0	0	0	0.167838	0.66161	0	0.234023	3.27364	0
Other_Kineosporiaceae	0	0	0	0	0	0	0	0	0	0	0	0.540177	0.172585	0	0.647861
Other_Lentimicrobiaceae	0	0	0	0	0	0	0.09283	0	0	0	0.110567	12.0984	0.032649	0.123637	0.059974
Other_Lysobacterales	0	0	0	0	0.012035	0.035028	0	0	0	44.3819	1.741297	6.49972	37.0112	7.29964	11.51238
Other_Maricaulaceae	0	0	0	0.079416	0.017028	0	0.130643	0	0.728886	180.6101	82.774286	90.060729	16.200119	11.348368	40.145913
Other_Marinifilaceae	0.126521	0.044807	0.072075	0.659444	0.668035	0	0	0	0	1.29841	0.634113	3.96832	0.863884	0.835792	4.69519
Other_Marinobacteraceae	15294.40314	25782.0075	22018.30863	1412.181375	1327.180302	1876.094286	21.881933	25.200589	25.895649	0.638304	0	0.604659	0.214368	0.135603	0.087605
Other_Marivirgaceae	0	0	0	0.052656	0	0	0	0	0	0	35.8132	15.20911	0	1.645411	3.86688
Other_Melioribacteraceae	0.029757	0.010078	0.04676	0.303996	0.171719	0.04995	0.026773	0	0	1.26394	0.537786	1.89468	0.662957	0.425029	2.69364
Other_Microbacteriaceae	0	0	0	0	0	0	0	0	0	3.51185	0.111513	0	0.658677	0	0
Other_Microscillaceae	0	0	0	0	0	0	0	0	0	0	19.1779	7.62913	0.056973	0.732531	1.88455
Other_Microthrixaceae	0	0	0	0	0	0	0	0	0	0	0	1.593637	0.238925	0.011424	1.918735
Other_Miltoncostaeaceae	0	0	0	0	0	0	0	0	0	0	0	0.558297	0.061729	0	0.880222
Other_Minwuiales	1.99333	0.31957	0.913469	3.84844	2.57782	0.401443	3.97312	31.246	13.4591	15.0243	15.0231	4.25374	31.4101	19.3523	15.618
Other_Myxococcales	0.21636	0.152684	0.705481	2.99537	0.815507	0.227242	9.678804	4.978244	3.54767	57.10837	146.464396	303.376039	675.745752	832.50228	1444.160106
Other_Myxococcota	0	0.036103	0.192555	0.479145	0.418776	0.093046	3.562564	2.110841	1.545064	32.190934	48.598081	173.507057	237.721738	287.901404	514.478053
Other_Nevskiaceae	0	0.012356	0.028511	0	0	0	0.426718	0	0.534833	0.100128	0.262775	0.141852	0	0	0
Other_Nitrobacteraceae	0	0	0	0	0	0	0	0	0	1.91449	1.2632	22.7105	0.518577	1.11651	1.64606
Other_Nitrospirota	0	0	0	0	0	0	0	0	0	0	0	0.53157	0.136658	0.027776	1.07484
Other_Oceanibaculaceae	0	0	0	0	0.009519	0	0	0	0	312.45954	4.491985	2.905471	34.329811	1.006071	0.12262
Other_Oceanospirillales	112.596081	137.585401	113.978619	7.581686	7.567192	9.494101	0.200201	0	0.156661	0	0	0	0.017631	0	0
Other_Opitutaceae	0	0	0.007386	0	0	0	0.374537	0.16934	0.184857	0	0	0	0	0.012902	0
Other_Paracoccaceae	66.282271	49.909625	62.559016	1850.54605	362.228453	169.803016	513.034796	1401.644208	3930.23791	258.958608	160.915084	83.441669	322.655566	255.880228	277.630449
Other_Paraliomyxa	0	0	0	0	0	0	0	0	0	4.13696	0.598542	2.00117	0.212256	0.162257	0.966809
Other_Parvibaculaceae	0	0	0	0	0	0	0	0	0	1.27	1.73519	0	0.642746	1.16759	0.41127
Other_Parvularculaceae	11.4444	10.8475	17.0801	83.6759	55.7009	43.5424	43.1665	7.44811	21.0732	5.99172	3.16638	3.5113	0.306848	0.274362	1.072542
Other_Phycisphaeraceae	0.714123	0.231674	0.544933	1.405426	1.291307	1.518856	54.2123	33.49525	54.6047	68.580563	94.10004	60.178517	385.611098	463.632201	237.689704
Other_Phycisphaerales	4.27688	0.624751	1.578999	3.100503	4.313345	3.394776	125.3037	63.421304	126.2603	334.660984	441.381559	441.493027	1585.138408	2107.78607	1652.38203
Other_Phyllobacteriaceae	147.784574	19.073483	58.923283	284.92039	156.650932	36.390897	411.82955	2352.602519	1167.071139	1004.189274	1176.157955	296.672601	2399.970901	1465.144788	1263.503024
Other_Pirellulales	0	0	0	0	0	0	0	0	0	27.2414	46.3265	13.0055	29.6233	39.2515	46.1051
Other_Planctomycetota	1.544177	0.647943	1.497503	2.061444	2.252905	1.621692	76.1921	41.321	81.802796	3592.193569	4363.29498	4774.811809	16667.06753	22420.81861	17088.08651
Other_Polyangiaceae	0	0	0	0	0	0	0	0	0	1.05349	1.06628	0.214754	0.703139	1.07982	0.360626
Other_Prolixibacteraceae	0	0	0	0	0	0	0.019865	0	0	0.284262	0.188243	14.70125	0.013815	0.148576	0.316958
Other_Propionibacteriaceae	17.1257	1.80416	2.28677	20.7756	13.0661	14.9565	4.94365	41.3944	11.7172	12.8288	3.23677	4.97653	0.426553	0.019223	0.130412
Other_proteobacteria	122.468753	24.060354	52.325048	198.281225	152.816354	179.273878	3556.76711	2071.094337	3588.386701	611.426062	1180.211702	472.95963	771.904286	591.759427	2799.623081
Other_Pseudomonadaceae	0.114825	0	0.011166	0.029494	0.056227	0	0	0	0.188246	0.160332	0.041386	0.620865	0.206439	0	1.11428
Other_Pyrinomonadaceae	0	0.077468	0.014438	0.269551	0.391181	0.213853	0	0	0	1.37217	0.591214	1.45958	0.876737	0.368178	2.57503
Other_Rhizobiaceae	13.15544	1.94194	6.093606	26.73428	15.15236	3.936966	41.546506	245.129167	111.107347	125.880713	108.579149	33.876345	231.744848	139.47061	133.508201
Other_Rhodobacterales	24.434768	20.473009	21.209107	81.687315	125.133965	180.262	295.356013	116.44818	236.13932	123.015749	81.814744	92.279546	52.573548	208.60328	313.279427
Other_Rhodobiaceae	6.525599	19.53624	32.791133	92.9442	200.9152	234.259	424.9324	126.3162	289.302007	149.72289	106.727575	29.95499	9.881385	12.326277	14.25883
Other_Rhodocyclaceae	0	0	0	0	0	0	0	0	0	28.6477	0.205182	7.71618	4.1234	0.175739	2.373181
Other_Rhodospirillaceae	1.46824	0.281762	0.904998	4.18559	2.34296	0.517705	5.03144	33.3921	18.6191	16.2081	16.5238	3.52088	36.2382	19.8887	17.9022
Other_Rhodospirillales	2.06027	4.5604	6.97788	18.8055	41.8884	45.6105	82.4632	25.4036	58.1336	30.68153	24.443026	23.30949	5.942739	1.560334	1.392932
Other_Rickettsiales	0	0	0.019155	0	0.062606	0	1.405662	0	0	16.528547	5.641776	733.70057	0.716963	6.416366	9.108871
Other_Roseobacteraceae	5382.327395	773.535097	1171.48779	8819.5848	5625.526347	6059.4023	2797.042236	12901.09079	3805.575538	4951.03832	920.911857	1799.749582	347.87023	380.946454	302.72759
Other_Sandaracinaceae	0.056958	0.168883	0.485205	0.011246	0.350316	0.098307	10.544664	4.226597	4.813736	78.008338	210.302018	456.422984	1061.24757	1338.43889	2232.76724
Other_Saprospiraceae	0	0.083553	0.031982	1.141291	0.887342	0.189533	0	0	0	3.21734	1.256611	5.85992	1.609359	1.384191	6.16965
Other_Schleiferiaceae	0	0	0	0	0.011159	0	1.253046	0.406037	1.895728	0	0	0.771331	0	0	0
Other_Simkaniaceae	0	0.113697	0.059554	0.830783	0.705334	0.189399	0	0	0	3.08343	1.69578	5.38925	2.22296	1.90603	8.67471
Other_Solirubrobacteraceae	0	0	0	0	0	0	0	0	0	0	0	0.529839	0.085579	0	0.460976
Other_Solirubrobacterales	0	0	0	0	0	0	0	0	0	2.90395	0.051314	0	0.369109	0	0
Other_Sphingobacteriales	0	0	0	0	0	0	0.032491	0	0	0.240643	0.177263	24.8592	0.032551	0.18663	0.368017
Other_Sphingomonadaceae	0.473507	0	0.114024	0.26655	0.099422	0.068841	9.633265	12.851095	29.796409	0.470104	0.687608	0.26286	11.395224	2.125509	0.441407
Other_Sphingomonadales	0	0	0.031757	0	0.04016	0	2.965931	1.684856	8.500376	0.074027	1.757645	4.27942	1.93143	0.726799	0.254658
Other_Spirosomataceae	0.023646	0.021046	0.053362	0.910503	0.723417	0.161886	0	0	0	2.37018	1.204866	4.03633	1.537429	1.12233	5.44212
Other_Stappiaceae	0	0	0	0	0.02945	0	0	0	0	23.511621	74.93677	64.04409	10.004123	17.961951	9.79268
Other_Sterolibacteriaceae	2.958274	0.848216	0.584435	1.49095	0.441285	2.59626	1.527468	7.104689	2.632428	10.879469	3.716767	5.86136	0.066113	0.06191	0
Other_Sutterellaceae	0	0	0.057177	0.051542	0	0.057698	0	0	0	0	0.071392	0.259519	0	0.035715	0
Other_Synergistaceae	0	0	0.011763	0.342393	0.213109	0.172102	0	0	0	1.35574	1.22179	2.04937	0.702129	0.484972	2.54794
Other_Tenuifilaceae	0	0	0	0	0	0	0.024608	0	0	0.299638	0.079191	10.0316	0.034297	0.102239	0.137518
Other_Thermoanaerobacterales	0	0	0	0	0	0	0	0	0	0	0	1.43711	0.287479	0	1.51457
Other_Thermodesulfobacteriota	0.274649	0	0.155941	0.789278	0.772666	0.162568	0	0	0	1.82588	0.884178	4.31054	1.08885	1.2202	7.26948
Other_Trueperaceae	0	0.023206	0.013053	0.554732	0.432912	0.192105	0	0	0	1.7045	0.776028	1.66643	1.0256	0.801662	3.58882
Other_Woeseiaceae	0	0	0	0	0	0	0	0	0	27.12431	2.53069	6.04337	22.281207	4.492108	8.40476
Owenweeksia	0	0	0	0	0	0	0	0	0	0.949288	0.212604	25.9267	0	0.121025	0.263728
Pacificimonas	0	0	0	0	0	0	0.599712	0	0.927745	0.130998	0	0	0.36103	0.081404	0.036889
Pacificoceanicola	7.05613	4.753606	8.15933	37.31095	24.61148	13.919346	25.15611	73.94365	47.21876	25.820233	35.282863	7.778948	72.5148	42.222458	36.808612
Paenirhodobacter	0	0	0	0	0	0	0	0	0	0.147388	0.220201	1.73509	2.15286	8.43015	14.0734
Palleronia	0	0	0	0	0	0	0	0	0	0.2794	0.195915	2.4227	1.15252	5.66532	8.60615
Pannonibacter	0	0	0	0	0	0	0	0	0	0.318853	0	0	1.31787	0.126796	0
Paracoccus	1.29125	0.302097	0.780335	3.84209	2.3384	0.454008	4.96107	30.1749	15.0403	70.973348	21.932664	50.001046	45.633423	59.820386	81.053599
Paradevosia	0	0	0	0	0	0	0	0	0	12.3631	0	3.12851	1.95908	0.144313	1.13861
Pararhodobacter	23.37785	1.811601	3.165012	23.30211	14.43655	14.973842	10.38087	76.0072	28.9737	56.00675	19.01396	17.67097	35.922524	23.806941	25.569319
Paroceanicella	0	0	0	0	0	0	0	0	0	0.648857	0.933332	6.52599	5.03964	20.68616	37.0469
Parvibaculum	0.292361	0.18875	0.535879	0.129382	0.205752	0.154477	0.101141	0	5.632106	424.48078	276.782213	54.94656	213.162383	257.951936	115.656812
Parvularcula	15.142	14.9881	28.6338	163.322303	87.299792	67.7324	68.5888	20.4111	30.1049	24.31144	9.890563	9.050935	1.511881	0.925744	3.500002
Pedobacter	0	0	0	0	0	0	0.085004	0	0	0.538837	0.131954	20.40563	0.016633	0.250671	0.101814
Pelagerythrobacter	0	0	0	0	0	0	0	0	0	1.826753	0.180945	2.67643	0.764935	0.904329	1.103268
Pelagibacterium	0	0	0.043367	0	0.072752	0.067204	0.922128	1.060425	0	234.345925	24.623882	235.090632	122.468354	158.472733	155.642155
Pelagicoccus	0	0	0.030736	0	0	0	0	0	0	0	15.3605	6.02126	0	0.709787	1.13257
Phaeovulum	0	0	0	0	0	0	0	0	0	1.18442	0.038345	0	6.09246	0.460241	0.020827
Phenylobacterium	0	0	0	0	0	0	0	0	0	5.87682	1.32918	1.52532	0.356551	0.314402	0.821025
Phycisphaera	0.144571	0	0.025407	0	0.028002	0.051548	0	0	0	159.36918	182.56142	47.311632	1244.7025	1309.4361	153.9758
Phyllobacterium	3.54267	0.428773	1.898151	6.25371	3.738924	1.04206	6.60468	44.8592	20.7512	17.592586	21.492636	4.3347	43.441014	27.55413	21.90528
Pigmentiphaga	0	0	0	0	0	0	0	0	0	0.864518	0.080041	0.81623	0.349793	0.820921	0.631065
Pikeienuella	0	0	0	0	0	0	0.018459	0	0.033568	1.37457	1.01362	0	0.070565	0.13219	0.015861
Planotetraspora	0	0	0	0	0	0	0	0	0	0	0	1.27733	0.039532	0	0.892697
Pleomorphomonas	1.31028	0.157873	0.647941	4.07907	2.09486	0.672051	4.91209	25.9227	16.2397	13.3387	12.6932	2.3032	27.1467	16.1685	13.8462
Polaromonas	0	0	0	0	0	0	0	0	0	1.4619	0.033114	0.059676	5.72105	0.331741	0
Polycyclovorans	0	0	0.018711	0.013008	0	0	2.196301	0.222077	1.25195	0.323958	0.351704	0.397561	0	0	0.047239
Pontibacter	0.273552	0	0.026714	1.341323	0.805512	0.371356	0	0.102408	0.074598	3.41627	2.601776	4.13033	2.360608	1.612561	9.37212
Ponticaulis	0.430557	1.96488	4.8746	10.8397	32.495602	37.0627	79.3749	16.2458	45.021046	38.83105	50.16077	16.03637	1.764169	0.609312	1.422127
Pontivivens	1.211663	5.36848	10.76292	25.3479	64.4548	72.5886	134.8486	39.811	86.7443	41.3414	35.7648	7.82862	0.226566	0.012057	0.270402
Portibacter	0	0	0	0	0	0	0	0	0	0	0.27625	28.0348	0	0.319455	0.523286
Poseidonocella	0.052207	0.285802	0.284825	9.93923	1.59994	0.709172	2.18264	5.51313	18.6421	0	0.037653	0	0	0	0
Prolixibacter	0	0	0	0	0	0	0	0	0	0.085892	0.067893	10.2944	0.039351	0.117267	0.072733
Promicromonospora	0	0	0	0	0	0	0	0	0	0	0	1.309179	0.134958	0	1.539478
Pseudaestuariivita	18.5673	2.04022	2.33136	23.1419	13.9596	17.6467	5.71926	48.3892	9.81113	17.0421	3.4064	6.70465	0.709368	0.138559	0.243184
Pseudaminobacter	0	0	0	0	0	0	0.163606	0.537613	1.37301	0.083634	0.08619	0.077836	0.789169	2.22675	4.91279
Pseudochelatococcus	0	0	0	0	0.009677	0	0	0	0	4.9863	1.527337	35.9581	1.436287	2.020883	2.95225
Pseudohoeflea	6.01631	0.534604	2.319032	11.51759	6.69309	1.365059	16.7694	98.1468	47.58	35.0315	44.9148	10.84988	97.433	58.9819	51.4898
Pseudomonas	0	0	0	0	0	0.268486	0	0	0	0	0	0	0	0	0
Pseudonocardia	0	0	0.019317	0	0	0	0	0	0	0	0	1.458258	0.319254	0	1.865162
Pseudooceanicola	2.16343	0.180437	0.670364	4.2206	2.192245	0.71849	5.94187	29.9303	19.2305	19.888238	16.804817	6.685281	45.03174	27.38828	27.691828
Pseudooctadecabacter	7.04191	7.013453	14.36158	43.55006	80.14377	86.288265	170.54385	132.882	144.7605	67.3944	74.5071	13.24783	81.309252	48.996225	42.057877
Pseudophaeobacter	0	0	0	0	0	0	0	0	0	0.412564	0.428645	1.67468	1.485	6.1883	8.57475
Pseudoprimorskyibacter	0	0	0	0	0	0	0	0	0	13.9282	0	4.22462	2.18055	0	1.22637
Pseudosulfitobacter	0	0	0	0	0	0.059874	0	0	0	4.64066	1.075463	1.947809	1.907878	6.036778	8.61524
Pseudovibrio	6.89735	0.957983	3.02174	14.25633	7.35365	1.307736	18.9222	103.5768	53.2418	45.0722	54.8717	10.13385	107.2111	65.5492	57.4213
Psychroserpens	0	0	0	0	0	0	0	0	0	0	0.090588	21.6604	0.086388	0.092866	0.309573
Pukyongiella	0	0	0	0	0	0	0	0	0	0.420093	0.275248	2.08078	0.951326	4.17359	6.63366
Puniceibacterium	0	0	0	0.043043	0	0	0	0	0	0.482611	0.829682	4.84893	2.81643	13.53969	18.51207
Qipengyuania	0.111663	0	0	0.064214	0.024206	0	4.108207	6.776265	10.046852	0.514427	2.03572	4.56013	3.359892	0.937261	0.633602
Reichenbachiella	0	0	0	0	0	0	0.155838	0	0	2.145449	0.494557	108.68808	0.231243	0.930196	1.024927
Rhabdonatronobacter	16.1691	1.38109	2.06384	20.0488	12.5175	14.9344	5.42526	48.577	10.9739	14.5693	3.39467	6.27596	0.601056	0.177277	0.08906
Rhabdothermincola	0	0	0	0	0	0	0	0	0	0	0	1.915741	0.206428	0.005976	1.718909
Rhizobium/Agrobacterium group	9.46329	1.681198	4.323002	19.02202	11.38829	2.745094	26.896125	153.226316	84.778816	132.248707	82.627507	92.474381	191.282293	157.676224	185.690237
Rhodobacter	1.73058	0.369283	0.848431	4.03275	2.5983	0.612417	5.17095	28.3557	17.2913	43.62293	16.738756	23.682764	44.898995	57.180088	72.76572
Rhodobium	0	0	0	0	0	0	0	0	0	0.700894	0	1.13482	0.378759	0.385415	0.465983
Rhodocaloribacter	0	0	0	1.27181	0.584331	0	0	0	0	1.39885	0.836243	4.63569	0.560817	0.831799	3.75497
Rhodocytophaga	0.028406	0.019229	0.022329	0.435176	0.282848	0.158834	0	0	0.046347	0.894381	0.616136	1.47636	0.819123	0.704486	3.26133
Rhodoferax	0	0	0	0	0	0	0	0	0	0.176242	0.04679	0.027998	0.100773	0.138428	0.10794
Rhodophyticola	10.70499	1.509958	4.56285	20.14098	11.04341	2.812169	26.4918	150.3618	72.8122	88.9363	74.249872	24.01205	160.67107	90.228025	83.57717
Rhodovulum	4.02721	0.595674	2.107066	10.393733	5.44874	1.301269	12.36389	87.2246	44.9272	54.977741	42.877231	15.49393	89.276871	58.090226	62.584014
Robiginitomaculum	0	0	0	0.01828	0	0	0	0	0	4.67139	0.877961	2.32302	0.405793	0.305268	0.915459
Roseibaca	0	0	0	0.021444	0.008276	0	0	0	0	0.115709	0.181416	1.85146	1.3541	4.98781	7.98932
Roseibacterium	0	0.037453	0.010432	0.235055	0.008069	0	0.052735	0	0	9.355881	15.784486	99.572283	76.865823	313.58201	478.681548
Roseibium	5.72727	1.123612	2.945779	13.752953	7.62714	1.934141	19.109897	110.100757	58.605082	108.676789	57.347766	33.014233	127.865109	85.523681	90.966385
Roseicyclus	0	0	0.008333	0.464314	0.060251	0.026668	0.530048	0	0.235074	31.583408	49.336128	361.004151	271.095874	1138.57591	1738.96167
Roseihalotalea	0	0	0	0	0	0	0.028957	0	0	0.088245	0.046471	10.4455	0	0.087627	0.112074
Roseinatronobacter	0	0	0	0	0	0	0	0	0	16.93851	1.09608	33.31705	3.025543	1.477353	3.2649
Roseisalinus	0	0	0	0	0	0	0	0	0	18.8168	0	4.81745	2.48645	0.243302	1.80886
Roseitalea	392.87327	53.688368	159.656047	758.32445	434.27017	105.124851	1080.478068	6289.0131	3179.4272	2654.68584	3071.780698	664.57674	6388.84787	3764.772222	3242.702866
Roseitranquillus	0	0	0	0	0	0	0	0	0	0.044223	0.25616	1.42377	0.871329	4.78662	7.67582
Roseivirga	0	0	0	0	0	0	1.001143	0	0.479159	0.149668	0.074447	12.709602	0	0.037387	0.125333
Roseivivax	0	0	0	0	0	0	0	0	0	19.3652	0.196688	2.73725	15.54326	0.878392	1.38678
Roseobacter	14.329928	13.831431	22.037537	83.54558	98.574524	96.34914	176.737558	169.96333	157.29202	141.14395	95.390543	30.79862	124.959098	72.244111	68.78902
Roseomonas	0	0	0	0	0	0	0	0	0	1.9981	0	0	9.1237	0.497995	0.093329
Roseovarius	88.57511	13.103735	14.926734	125.45227	89.659292	124.032243	88.584731	300.0219	133.7851	1468.061057	87.401707	2169.687958	1480.107575	2382.902144	1487.110119
Rubellimicrobium	4.63422	0.616545	1.420641	8.86358	4.95769	1.246266	12.15301	76.3678	36.2483	28.4352	36.0335	6.71618	72.4244	41.6909	37.4856
Rubritepida	2.93364	0.244096	1.05804	4.43214	2.62296	0.609201	5.55032	32.9047	16.3914	13.8554	17.4402	3.69983	33.1994	19.8055	17.9894
Ruegeria	8.8068	5.244572	10.057981	34.78614	50.82424	64.980853	133.32169	143.6828	130.8474	70.12807	79.625551	20.97637	110.452013	70.373268	68.504504
Rufibacter	0	0	0	0	0	0	0	0	0	0.245589	0.042223	10.9796	0.037673	0.061104	0.046026
Sagittula	1.66027	0.017666	0.080647	0.749556	0.01165	0.237552	0.546107	0.312845	0	21.038036	9.989111	35.411042	7.018078	5.876162	4.92432
Salegentibacter	0	0	0	0	0	0	0	0	0	0.254941	0.160493	8.03893	0.023381	0	0.12942
Salipiger	0	0	0	0	0	0	0	0	0	6.090956	1.5134	13.75363	9.547726	26.50019	36.10925
Sandaracinus	0	0	0.006526	0	0.019818	0	0.099847	0	0	1.222904	2.448081	5.01113	11.80527	14.13624	25.24408
Sanyastnella	0	0	0	0	0	0	0	0	0	0	0	8.31773	0	0.033007	0.073973
Segetibacter	0	0	0	0	0	0	0	0	0	0.066858	0	9.65287	0	0.09972	0.094122
Shinella	0	0	0	0	0	0	0	0	0	0.819778	0	0.495878	0.470311	0.465563	0.62704
Sinirhodobacter	0	0.020888	0	0	0	0	0	0	0	1.3617	0.043819	0.712404	0.176313	0.338865	0.095666
Sinorhizobium/Ensifer group	0	0	0	0	0	0	0	0	0	3.89137	0.521128	29.2472	1.18016	1.00946	1.79643
Solimonas	0	0	0	0	0	0	1.26212	0	0.810386	0	0.175105	0.319403	0.041573	0	0.099455
Solirubrobacter	0	0	0	0	0	0	0	0	0	0	0	0.864329	0.081613	0.006809	0.931465
Sphaerisporangium	0	0	0	0	0	0	0	0	0	0	0	1.263279	0.183505	0.076577	1.900002
Sphaerobacteraceae	0	0	0	0	0	0	0	0	0	0.244554	0.042053	12.9093	0	0.081127	0.206249
Sphingobacterium	0	0	0	0	0	0	0	0	0	0	0	10.6133	0.0279	0.030102	0.135179
Sphingobium	3.08869	0.070989	1.02378	4.09961	2.21761	0.313439	4.27376	28.5518	14.881	18.2521	15.63843	7.16858	29.918888	19.475196	18.45913
Sphingomonas	0.136035	0.096782	0.025756	0.994801	0.79143	0.321867	0.414007	0.201581	0.442855	20.16083	4.529049	10.10899	4.324879	2.033874	9.622875
Sphingopyxis	0	0	0.013877	0	0	0	0.19728	0	0	6.937744	12.360201	5.833831	1.26385	2.07443	1.761475
Stappia	0.061854	0	0.105624	0.047181	0.047403	0.117969	0.435463	0.401537	0.292452	432.407985	1502.475755	1183.226864	183.979441	355.403216	184.805677
Streptomyces	0	0	0	0	0	0	0	0	0	0.319082	0.23685	3.01848	1.92614	8.37384	12.2787
Sulfitobacter	12.019858	21.550606	30.05335	88.19221	156.56872	220.727186	433.22279	178.0337	342.5953	231.26361	129.529688	52.907059	84.95659	59.584132	46.758873
Sulfurihydrogenibium	0.049916	0.008434	0.039287	0.216515	0.338655	0.111448	0	0	0	1.05669	0.469336	1.88052	0.811233	0.701931	2.27279
Tabrizicola	0	0	0	0	0	0	0	0	0	1.574526	0.0216	1.987312	0.856238	1.26798	1.070304
Taibaiella	0.210942	0	0.013612	0.579475	0.423847	0.160687	0	0	0	2.08028	1.01238	2.74734	0.913567	0.715488	3.66921
Tateyamaria	17.226138	12.219773	19.580937	93.54807	75.73957	80.203416	113.21491	103.4834	95.8671	47.31896	52.79079	12.15058	73.640464	44.682245	38.858213
Terracidiphilus	0	0	0	0	0	0	0	0	0	7.8461	2.11108	97.055	3.73484	4.89925	5.14224
Thalassococcus	0	0	0	0	0	0	0	0	0	1.19479	0	0.098044	4.41931	0.232234	0.014649
Thalassospira	0	0	0	0	0	0	0	0	0	4.17975	1.00177	2.20712	0.310712	0.354567	1.03942
Thalassovita	0	0	0	0	0	0	0	0	0	1.088778	0.938056	4.024106	2.103554	9.24069	11.156088
Thauera	0.993624	0.231394	0.161524	0.844564	0.145316	0.81611	0.65034	4.57747	0.437315	2.331073	1.559908	1.534688	0.173553	0.290669	0.125333
Thioalkalivibrio	0	0	0	0	0	0	0	0	0	6.64867	1.45528	2.91877	0.305842	0.350231	1.25383
Thiobacillus	0.068638	0	0.013296	0.106024	0.066795	0.07836	0.188548	0.771669	0	0.28976	0.098841	0.089386	0	0	0
Thioclava	0	0	0	0	0	0	0	0	0	0.346266	0.143867	0.583725	0.111384	0.103306	0.077975
Thiolinea	0	0	0	0	0	0	0	0	0	2.29138	0.093004	0.339695	0	0.191265	0.053091
Thiosulfatihalobacter	0	0	0	0.029855	0	0	0	0	0	0.243527	0.335075	1.8151	1.3821	6.2608	10.5662
Tianweitania	0	0	0	0	0.005147	0	0	0	0	17.841877	0	5.94401	3.475867	0.719457	2.822442
Tistrella	0.446788	0.365161	0.305382	0.079199	0.110358	0.209689	1.80316	1.642694	0	849.703042	314.738077	7741.04141	238.912452	423.109093	518.45409
Tranquillimonas	0	0	0	0	0	0	0	0	0	0	0.436845	4.32803	3.9441	21.91047	31.168
Tritonibacter	0.045448	0	0	0	0	0	0.164721	0.306251	0.892328	0	0.131207	0	0.202313	0.093854	0
Tropicimonas	0	0	0	0	0	0	0	0.667647	0.864634	1.107476	0.596076	2.85482	2.253607	7.688249	13.40381
Tunicatimonas	0	0	0	0.887219	0.488609	0.311104	0	0	0	2.16226	0.689698	4.32283	1.39769	0.849009	4.9123
Variovorax	0	0	0	0	0	0	0	0	0	0.677707	0	0	6.20786	0.366008	0
Verticiella	0	0	0	0	0	0	0	0	0	2.54714	0.972449	33.1592	0.881609	2.03617	1.8748
Wenjunlia	0	0	0	0	0	0	0	0	0	0	0	0.436111	0.143341	0	1.05163
Wenzhouxiangella	0	0	0	0	0.337018	0.001778	0.087327	0	0	589.3449	18.927401	96.3788	541.8396	106.01928	176.54069
Winogradskyella	13.7576	1.79328	2.35137	8.85505	2.07979	1.37102	0.192482	0.241947	0.23472	2.174215	0.489193	25.0573	2.414662	1.367764	0.691649
Xanthovirga	0	0	0.007348	0.019192	0	0	0	0	0	0	18.8589	8.19267	0	0.821292	1.61739
Yoonia	0	0	0.05089	0	0	0	0	0	0	0.807688	0.385323	3.1519	2.409124	9.64257	17.36453
